R (a, b) = {
  503, 503
  289, 289
  1044, 1044
  1658, 1658
  833, 833
  1302, 1302
  2465, 2465
  2835, 2835
  556, 556
  3959, 3959
  928, 928
  3312, 3312
  1532, 1532
  3724, 3724
  2715, 2715
  3281, 3281
  414, 414
  1627, 1627
  2112, 2112
  2651, 2651
  3967, 3967
  1395, 1395
  2528, 2528
  1355, 1355
  1238, 1238
  976, 976
  2950, 2950
  1485, 1485
  2370, 2370
  518, 518
  593, 593
  1249, 1249
  2251, 2251
  2928, 2928
  868, 868
  1509, 1509
  2832, 2832
  3111, 3111
  63, 63
  1992, 1992
  3416, 3416
  3777, 3777
  1014, 1014
  3357, 3357
  2992, 2992
  1167, 1167
  3589, 3589
  3318, 3318
  2185, 2185
  2691, 2691
  3952, 3952
  3270, 3270
  32, 32
  626, 626
  2059, 2059
  2034, 2034
  2390, 2390
  3173, 3173
  3284, 3284
  708, 708
  3320, 3320
  1337, 1337
  1702, 1702
  3876, 3876
  2227, 2227
  734, 734
  2290, 2290
  1108, 1108
  3741, 3741
  3525, 3525
  761, 761
  3642, 3642
  1035, 1035
  3195, 3195
  730, 730
  1732, 1732
  2654, 2654
  3164, 3164
  1111, 1111
  1876, 1876
  2042, 2042
  1887, 1887
  3646, 3646
  3697, 3697
  2352, 2352
  575, 575
  1625, 1625
  469, 469
  3493, 3493
  1144, 1144
  618, 618
  1898, 1898
  3180, 3180
  1372, 1372
  188, 188
  3601, 3601
  351, 351
  3812, 3812
  978, 978
  2978, 2978
  1037, 1037
  1255, 1255
  3053, 3053
  3992, 3992
  1430, 1430
  193, 193
  3094, 3094
  114, 114
  2936, 2936
  3319, 3319
  341, 341
  283, 283
  313, 313
  3339, 3339
  608, 608
  2, 2
  3118, 3118
  66, 66
  760, 760
  2111, 2111
  2414, 2414
  3893, 3893
  1622, 1622
  186, 186
  3639, 3639
  3421, 3421
  1743, 1743
  478, 478
  2208, 2208
  1194, 1194
  1846, 1846
  3732, 3732
  1357, 1357
  2097, 2097
  3198, 3198
  940, 940
  1476, 1476
  359, 359
  2687, 2687
  2895, 2895
  1903, 1903
  2468, 2468
  1755, 1755
  3662, 3662
  2108, 2108
  2801, 2801
  1049, 1049
  251, 251
  900, 900
  3436, 3436
  2463, 2463
  1734, 1734
  1661, 1661
  2317, 2317
  2616, 2616
  1370, 1370
  2509, 2509
  3984, 3984
  2674, 2674
  2113, 2113
  2582, 2582
  2712, 2712
  1621, 1621
  1240, 1240
  3950, 3950
  3944, 3944
  597, 597
  3898, 3898
  1215, 1215
  3072, 3072
  203, 203
  2930, 2930
  1017, 1017
  487, 487
  541, 541
  1731, 1731
  1092, 1092
  2343, 2343
  2813, 2813
  3825, 3825
  834, 834
  1642, 1642
  2284, 2284
  3746, 3746
  3188, 3188
  1447, 1447
  3148, 3148
  780, 780
  1094, 1094
  156, 156
  737, 737
  2885, 2885
  1198, 1198
  1326, 1326
  726, 726
  2213, 2213
  2150, 2150
  150, 150
  2987, 2987
  3334, 3334
  3905, 3905
  2428, 2428
  368, 368
  2178, 2178
  861, 861
  3878, 3878
  2269, 2269
  888, 888
  412, 412
  2473, 2473
  1738, 1738
  1466, 1466
  666, 666
  2411, 2411
  802, 802
  2685, 2685
  1839, 1839
  3182, 3182
  1835, 1835
  1269, 1269
  3966, 3966
  3211, 3211
  1496, 1496
  23, 23
  696, 696
  3433, 3433
  339, 339
  3397, 3397
  2567, 2567
  3498, 3498
  1413, 1413
  1536, 1536
  2454, 2454
  1203, 1203
  2671, 2671
  2242, 2242
  1351, 1351
  1369, 1369
  2076, 2076
  3836, 3836
  1840, 1840
  852, 852
  2783, 2783
  3574, 3574
  1300, 1300
  3664, 3664
  890, 890
  2183, 2183
  3215, 3215
  1008, 1008
  3472, 3472
  582, 582
  3759, 3759
  1542, 1542
  448, 448
  3698, 3698
  3490, 3490
  854, 854
  173, 173
  2592, 2592
  365, 365
  1072, 1072
  3847, 3847
  1090, 1090
  2134, 2134
  945, 945
  364, 364
  2549, 2549
  3260, 3260
  3606, 3606
  3644, 3644
  2535, 2535
  883, 883
  294, 294
  1746, 1746
  1126, 1126
  2130, 2130
  3504, 3504
  2155, 2155
  1586, 1586
  3510, 3510
  2890, 2890
  569, 569
  766, 766
  109, 109
  330, 330
  2296, 2296
  2206, 2206
  3381, 3381
  1508, 1508
  684, 684
  2415, 2415
  172, 172
  2644, 2644
  1001, 1001
  3929, 3929
  910, 910
  2223, 2223
  3666, 3666
  774, 774
  3951, 3951
  2351, 2351
  2701, 2701
  342, 342
  2855, 2855
  547, 547
  3366, 3366
  3955, 3955
  2573, 2573
  208, 208
  604, 604
  3587, 3587
  2429, 2429
  353, 353
  882, 882
  2538, 2538
  3071, 3071
  3837, 3837
  3626, 3626
  3167, 3167
  1414, 1414
  2434, 2434
  2624, 2624
  923, 923
  2678, 2678
  3183, 3183
  1317, 1317
  2714, 2714
  2019, 2019
  3274, 3274
  1946, 1946
  2839, 2839
  125, 125
  2617, 2617
  1969, 1969
  3219, 3219
  153, 153
  2164, 2164
  2303, 2303
  2920, 2920
  3077, 3077
  1059, 1059
  1066, 1066
  1356, 1356
  3512, 3512
  2954, 2954
  3999, 3999
  2668, 2668
  586, 586
  653, 653
  2997, 2997
  93, 93
  3549, 3549
  254, 254
  215, 215
  1673, 1673
  3463, 3463
  2355, 2355
  196, 196
  1460, 1460
  973, 973
  1293, 1293
  1391, 1391
  212, 212
  3977, 3977
  3534, 3534
  3233, 3233
  3529, 3529
  3558, 3558
  623, 623
  1971, 1971
  2513, 2513
  297, 297
  1482, 1482
  250, 250
  3287, 3287
  1834, 1834
  2809, 2809
  1585, 1585
  1019, 1019
  2574, 2574
  2882, 2882
  603, 603
  326, 326
  912, 912
  2457, 2457
  2098, 2098
  1741, 1741
  481, 481
  394, 394
  2658, 2658
  3240, 3240
  2892, 2892
  3085, 3085
  1515, 1515
  772, 772
  3231, 3231
  3684, 3684
  753, 753
  919, 919
  914, 914
  580, 580
  3775, 3775
  1760, 1760
  3245, 3245
  2901, 2901
  2657, 2657
  866, 866
  842, 842
  3971, 3971
  1830, 1830
  3158, 3158
  1266, 1266
  652, 652
  1524, 1524
  1636, 1636
  1921, 1921
  449, 449
  3925, 3925
  3675, 3675
  1777, 1777
  985, 985
  3820, 3820
  3308, 3308
  1129, 1129
  2590, 2590
  2958, 2958
  1517, 1517
  2665, 2665
  3520, 3520
  2789, 2789
  161, 161
  718, 718
  1012, 1012
  3316, 3316
  3166, 3166
  3051, 3051
  850, 850
  509, 509
  184, 184
  3163, 3163
  3749, 3749
  3603, 3603
  3292, 3292
  1828, 1828
  2008, 2008
  1618, 1618
  1850, 1850
  2165, 2165
  1809, 1809
  90, 90
  2046, 2046
  963, 963
  891, 891
  3218, 3218
  1331, 1331
  2362, 2362
  2479, 2479
  3000, 3000
  2391, 2391
  3037, 3037
  1821, 1821
  542, 542
  2752, 2752
  3116, 3116
  2725, 2725
  2557, 2557
  3058, 3058
  3325, 3325
  764, 764
  1321, 1321
  2534, 2534
  42, 42
  1367, 1367
  958, 958
  819, 819
  3384, 3384
  2243, 2243
  1501, 1501
  3394, 3394
  642, 642
  3562, 3562
  528, 528
  3414, 3414
  3157, 3157
  719, 719
  3262, 3262
  2333, 2333
  3201, 3201
  773, 773
  636, 636
  3780, 3780
  3727, 3727
  1952, 1952
  2114, 2114
  2167, 2167
  1207, 1207
  2669, 2669
  116, 116
  2423, 2423
  656, 656
  3373, 3373
  3015, 3015
  1495, 1495
  3575, 3575
  81, 81
  537, 537
  112, 112
  2250, 2250
  260, 260
  3192, 3192
  735, 735
  1788, 1788
  639, 639
  3673, 3673
  3128, 3128
  1615, 1615
  3781, 3781
  2149, 2149
  2483, 2483
  1436, 1436
  1393, 1393
  2881, 2881
  1639, 1639
  3883, 3883
  560, 560
  659, 659
  1985, 1985
  103, 103
  3779, 3779
  3800, 3800
  2147, 2147
  2942, 2942
  1145, 1145
  3280, 3280
  2694, 2694
  3239, 3239
  3461, 3461
  253, 253
  2706, 2706
  1348, 1348
  947, 947
  2768, 2768
  285, 285
  2919, 2919
  3985, 3985
  3497, 3497
  1947, 1947
  1377, 1377
  79, 79
  1313, 1313
  3335, 3335
  1101, 1101
  849, 849
  317, 317
  1308, 1308
  187, 187
  638, 638
  1480, 1480
  1483, 1483
  2005, 2005
  2339, 2339
  2238, 2238
  1275, 1275
  2751, 2751
  7, 7
  1925, 1925
  991, 991
  3133, 3133
  2172, 2172
  163, 163
  546, 546
  2050, 2050
  2028, 2028
  1138, 1138
  2666, 2666
  3140, 3140
  579, 579
  917, 917
  1503, 1503
  1637, 1637
  3692, 3692
  1640, 1640
  1569, 1569
  845, 845
  2181, 2181
  2909, 2909
  3329, 3329
  2493, 2493
  826, 826
  2879, 2879
  1174, 1174
  532, 532
  3974, 3974
  1768, 1768
  2842, 2842
  2060, 2060
  2315, 2315
  2655, 2655
  3365, 3365
  2575, 2575
  2844, 2844
  540, 540
  1682, 1682
  3243, 3243
  3915, 3915
  2816, 2816
  4, 4
  1416, 1416
  3456, 3456
  857, 857
  2682, 2682
  5, 5
  956, 956
  664, 664
  953, 953
  2708, 2708
  3798, 3798
  145, 145
  2026, 2026
  352, 352
  2007, 2007
  1256, 1256
  1149, 1149
  3488, 3488
  2096, 2096
  3268, 3268
  3378, 3378
  2649, 2649
  1964, 1964
  3465, 3465
  3899, 3899
  1225, 1225
  879, 879
  2515, 2515
  398, 398
  3829, 3829
  1371, 1371
  319, 319
  2276, 2276
  3733, 3733
  1440, 1440
  3790, 3790
  2635, 2635
  2770, 2770
  1565, 1565
  1365, 1365
  790, 790
  3282, 3282
  2312, 2312
  644, 644
  3417, 3417
  3352, 3352
  2020, 2020
  3605, 3605
  458, 458
  3314, 3314
  3450, 3450
  550, 550
  1965, 1965
  2400, 2400
  1767, 1767
  433, 433
  387, 387
  1449, 1449
  299, 299
  787, 787
  3805, 3805
  982, 982
  2403, 2403
  1940, 1940
  2980, 2980
  3691, 3691
  3275, 3275
  2514, 2514
  1382, 1382
  1338, 1338
  2896, 2896
  218, 218
  941, 941
  1801, 1801
  3090, 3090
  2289, 2289
  2584, 2584
  1962, 1962
  3304, 3304
  2656, 2656
  3100, 3100
  2923, 2923
  716, 716
  3519, 3519
  848, 848
  1745, 1745
  507, 507
  3346, 3346
  432, 432
  1859, 1859
  944, 944
  49, 49
  1979, 1979
  3413, 3413
  2721, 2721
  1403, 1403
  2792, 2792
  1401, 1401
  1578, 1578
  451, 451
  3835, 3835
  323, 323
  799, 799
  3101, 3101
  3610, 3610
  694, 694
  12, 12
  3405, 3405
  1278, 1278
  1989, 1989
  1282, 1282
  277, 277
  263, 263
  2829, 2829
  1772, 1772
  434, 434
  1305, 1305
  3022, 3022
  1818, 1818
  2646, 2646
  1264, 1264
  461, 461
  2220, 2220
  2906, 2906
  262, 262
  1614, 1614
  3577, 3577
  19, 19
  201, 201
  763, 763
  3108, 3108
  3355, 3355
  3997, 3997
  1737, 1737
  3259, 3259
  1065, 1065
  2621, 2621
  1937, 1937
  3317, 3317
  2332, 2332
  3597, 3597
  31, 31
  714, 714
  2328, 2328
  1703, 1703
  1252, 1252
  1519, 1519
  1354, 1354
  807, 807
  3045, 3045
  1292, 1292
  1407, 1407
  1210, 1210
  164, 164
  2118, 2118
  2673, 2673
  3235, 3235
  479, 479
  1139, 1139
  2331, 2331
  1977, 1977
  2745, 2745
  611, 611
  2814, 2814
  731, 731
  1957, 1957
  1984, 1984
  3244, 3244
  332, 332
  2063, 2063
  908, 908
  3773, 3773
  3513, 3513
  2800, 2800
  1113, 1113
  2388, 2388
  2437, 2437
  2204, 2204
  1764, 1764
  3125, 3125
  1024, 1024
  1132, 1132
  3006, 3006
  2255, 2255
  1596, 1596
  2275, 2275
  2083, 2083
  2550, 2550
  1649, 1649
  1320, 1320
  1446, 1446
  2086, 2086
  2341, 2341
  2710, 2710
  3396, 3396
  2781, 2781
  2433, 2433
  3663, 3663
  2014, 2014
  390, 390
  935, 935
  535, 535
  3715, 3715
  2416, 2416
  3171, 3171
  3517, 3517
  86, 86
  1653, 1653
  3884, 3884
  8, 8
  3468, 3468
  3578, 3578
  2371, 2371
  38, 38
  238, 238
  101, 101
  160, 160
  2561, 2561
  3327, 3327
  2009, 2009
  1904, 1904
  2401, 2401
  915, 915
  581, 581
  57, 57
  291, 291
  74, 74
  3594, 3594
  3889, 3889
  2405, 2405
  1429, 1429
  2696, 2696
  3152, 3152
  681, 681
  2724, 2724
  62, 62
  226, 226
  3545, 3545
  1246, 1246
  851, 851
  2061, 2061
  972, 972
  3372, 3372
  3930, 3930
  952, 952
  3344, 3344
  477, 477
  2043, 2043
  2068, 2068
  1827, 1827
  1605, 1605
  1009, 1009
  822, 822
  578, 578
  2421, 2421
  3682, 3682
  3553, 3553
  707, 707
  1797, 1797
  583, 583
  1027, 1027
  2522, 2522
  3788, 3788
  1518, 1518
  2280, 2280
  2103, 2103
  2643, 2643
  3892, 3892
  2570, 2570
  2236, 2236
  1261, 1261
  3066, 3066
  1385, 1385
  1742, 1742
  844, 844
  3978, 3978
  1217, 1217
  2579, 2579
  3986, 3986
  969, 969
  2263, 2263
  3202, 3202
  1861, 1861
  256, 256
  3050, 3050
  3515, 3515
  1375, 1375
  2572, 2572
  2219, 2219
  2795, 2795
  3276, 3276
  2310, 2310
  2541, 2541
  428, 428
  1826, 1826
  1063, 1063
  961, 961
  675, 675
  2488, 2488
  2287, 2287
  3151, 3151
  300, 300
  2821, 2821
  1956, 1956
  3098, 3098
  3862, 3862
  1459, 1459
  3918, 3918
  1975, 1975
  2854, 2854
  769, 769
  2587, 2587
  2202, 2202
  965, 965
  2728, 2728
  499, 499
  874, 874
  2750, 2750
  1384, 1384
  715, 715
  2560, 2560
  2935, 2935
  3448, 3448
  3351, 3351
  1786, 1786
  1709, 1709
  3086, 3086
  2566, 2566
  408, 408
  482, 482
  2229, 2229
  530, 530
  2637, 2637
  3048, 3048
  3629, 3629
  3481, 3481
  3845, 3845
  2805, 2805
  594, 594
  3696, 3696
  3479, 3479
  1242, 1242
  1349, 1349
  813, 813
  3795, 3795
  293, 293
  2625, 2625
  2850, 2850
  1467, 1467
  1606, 1606
  3713, 3713
  1031, 1031
  2452, 2452
  1301, 1301
  2044, 2044
  860, 860
  3296, 3296
  185, 185
  1411, 1411
  1334, 1334
  1790, 1790
  1155, 1155
  2151, 2151
  457, 457
  3204, 3204
  1310, 1310
  3949, 3949
  1439, 1439
  2286, 2286
  3641, 3641
  717, 717
  2466, 2466
  2446, 2446
  1233, 1233
  492, 492
  2628, 2628
  2099, 2099
  404, 404
  3652, 3652
  3212, 3212
  1869, 1869
  872, 872
  614, 614
  873, 873
  3762, 3762
  2938, 2938
  2069, 2069
  3701, 3701
  2853, 2853
  2154, 2154
  3783, 3783
  1798, 1798
  3003, 3003
  1530, 1530
  1915, 1915
  823, 823
  1665, 1665
  1325, 1325
  949, 949
  1803, 1803
  3009, 3009
  383, 383
  3787, 3787
  3435, 3435
  2078, 2078
  1592, 1592
  3255, 3255
  1664, 1664
  3391, 3391
  2822, 2822
  3828, 3828
  847, 847
  1493, 1493
  2218, 2218
  2642, 2642
  3897, 3897
  523, 523
  2262, 2262
  2258, 2258
  1765, 1765
  1507, 1507
  2281, 2281
  3757, 3757
  2994, 2994
  1910, 1910
  2074, 2074
  1512, 1512
  2803, 2803
  2186, 2186
  3960, 3960
  1359, 1359
  779, 779
  3044, 3044
  2510, 2510
  3343, 3343
  756, 756
  147, 147
  2193, 2193
  1829, 1829
  2460, 2460
  419, 419
  1890, 1890
  3581, 3581
  3891, 3891
  1244, 1244
  3395, 3395
  2580, 2580
  584, 584
  1523, 1523
  1907, 1907
  2975, 2975
  2758, 2758
  2190, 2190
  2480, 2480
  502, 502
  1525, 1525
  2486, 2486
  2319, 2319
  619, 619
  566, 566
  1727, 1727
  3348, 3348
  142, 142
  2830, 2830
  2464, 2464
  688, 688
  2003, 2003
  225, 225
  3139, 3139
  2705, 2705
  665, 665
  3661, 3661
  3965, 3965
  3248, 3248
  3129, 3129
  26, 26
  729, 729
  370, 370
  388, 388
  2318, 2318
  3864, 3864
  2404, 2404
  2922, 2922
  2189, 2189
  3184, 3184
  738, 738
  2883, 2883
  662, 662
  3806, 3806
  2650, 2650
  3273, 3273
  2952, 2952
  1363, 1363
  2964, 2964
  1706, 1706
  1548, 1548
  216, 216
  1752, 1752
  2693, 2693
  1632, 1632
  805, 805
  612, 612
  1522, 1522
  2298, 2298
  358, 358
  3853, 3853
  2953, 2953
  3730, 3730
  841, 841
  825, 825
  1650, 1650
  980, 980
  3770, 3770
  697, 697
  1364, 1364
  3176, 3176
  1671, 1671
  1966, 1966
  2962, 2962
  331, 331
  2613, 2613
  2348, 2348
  1537, 1537
  1935, 1935
  1074, 1074
  2982, 2982
  2544, 2544
  2478, 2478
  2539, 2539
  598, 598
  2311, 2311
  2120, 2120
  2191, 2191
  2828, 2828
  685, 685
  3958, 3958
  3301, 3301
  2981, 2981
  984, 984
  3305, 3305
  810, 810
  3865, 3865
  2198, 2198
  2862, 2862
  924, 924
  894, 894
  135, 135
  2941, 2941
  827, 827
  3910, 3910
  3694, 3694
  1121, 1121
  3467, 3467
  3583, 3583
  820, 820
  3326, 3326
  1271, 1271
  2360, 2360
  1553, 1553
  3079, 3079
  465, 465
  257, 257
  1566, 1566
  50, 50
  2867, 2867
  2314, 2314
  2849, 2849
  2761, 2761
  1502, 1502
  3480, 3480
  1451, 1451
  1593, 1593
  3486, 3486
  1060, 1060
  589, 589
  430, 430
  2131, 2131
  1721, 1721
  1223, 1223
  1114, 1114
  258, 258
  839, 839
  276, 276
  1026, 1026
  3411, 3411
  336, 336
  743, 743
  2594, 2594
  155, 155
  1843, 1843
  3531, 3531
  2358, 2358
  1978, 1978
  3207, 3207
  2282, 2282
  862, 862
  1595, 1595
  3608, 3608
  195, 195
  3080, 3080
  1919, 1919
  2368, 2368
  1713, 1713
  488, 488
  1931, 1931
  3345, 3345
  2013, 2013
  840, 840
  231, 231
  1900, 1900
  3028, 3028
  3627, 3627
  2278, 2278
  921, 921
  1573, 1573
  562, 562
  2431, 2431
  2583, 2583
  1150, 1150
  2381, 2381
  3089, 3089
  1400, 1400
  1387, 1387
  2062, 2062
  633, 633
  2462, 2462
  1226, 1226
  3404, 3404
  2079, 2079
  1751, 1751
  1960, 1960
  1541, 1541
  3625, 3625
  2211, 2211
  678, 678
  3756, 3756
  704, 704
  2595, 2595
  424, 424
  2277, 2277
  821, 821
  2133, 2133
  349, 349
  3975, 3975
  902, 902
  141, 141
  1402, 1402
  1936, 1936
  2453, 2453
  2265, 2265
  2632, 2632
  3647, 3647
  2345, 2345
  3145, 3145
  217, 217
  994, 994
  3776, 3776
  171, 171
  123, 123
  916, 916
  1057, 1057
  3103, 3103
  3546, 3546
  1604, 1604
  3460, 3460
  1824, 1824
  3078, 3078
  1276, 1276
  2807, 2807
  1973, 1973
  3496, 3496
  1003, 1003
  905, 905
  793, 793
  2698, 2698
  1290, 1290
  76, 76
  296, 296
  893, 893
  2660, 2660
  213, 213
  1390, 1390
  2246, 2246
  3088, 3088
  2417, 2417
  3423, 3423
  2527, 2527
  2999, 2999
  2949, 2949
  3310, 3310
  3477, 3477
  3854, 3854
  2663, 2663
  806, 806
  2967, 2967
  3265, 3265
  865, 865
  571, 571
  3586, 3586
  895, 895
  3350, 3350
  287, 287
  3917, 3917
  2221, 2221
  2163, 2163
  3678, 3678
  2662, 2662
  3576, 3576
  3604, 3604
  1726, 1726
  2912, 2912
  354, 354
  3635, 3635
  3466, 3466
  1716, 1716
  373, 373
  1550, 1550
  3542, 3542
  3655, 3655
  3360, 3360
  1909, 1909
  2501, 2501
  2064, 2064
  2990, 2990
  2947, 2947
  2259, 2259
  3147, 3147
  701, 701
  744, 744
  2872, 2872
  1923, 1923
  2596, 2596
  3004, 3004
  493, 493
  2845, 2845
  600, 600
  2793, 2793
  2175, 2175
  2843, 2843
  2531, 2531
  1933, 1933
  3936, 3936
  1077, 1077
  3399, 3399
  1560, 1560
  3927, 3927
  1124, 1124
  3827, 3827
  462, 462
  1814, 1814
  570, 570
  1833, 1833
  1097, 1097
  25, 25
  2496, 2496
  3213, 3213
  310, 310
  3291, 3291
  567, 567
  356, 356
  1241, 1241
  2957, 2957
  1579, 1579
  259, 259
  3857, 3857
  2257, 2257
  1845, 1845
  73, 73
  2353, 2353
  2571, 2571
  1847, 1847
  288, 288
  3633, 3633
  1748, 1748
  3931, 3931
  3888, 3888
  3453, 3453
  797, 797
  232, 232
  2235, 2235
  3702, 3702
  2249, 2249
  997, 997
  1528, 1528
  2902, 2902
  1500, 1500
  391, 391
  1842, 1842
  1999, 1999
  1488, 1488
  3337, 3337
  1799, 1799
  1314, 1314
  3377, 3377
  686, 686
  1200, 1200
  2765, 2765
  18, 18
  1265, 1265
  1136, 1136
  355, 355
  3083, 3083
  3530, 3530
  2787, 2787
  1730, 1730
  3846, 3846
  824, 824
  360, 360
  1328, 1328
  663, 663
  3569, 3569
  1197, 1197
  3386, 3386
  1185, 1185
  1127, 1127
  2294, 2294
  140, 140
  1130, 1130
  2291, 2291
  3489, 3489
  1281, 1281
  189, 189
  2760, 2760
  3507, 3507
  3068, 3068
  3948, 3948
  2214, 2214
  3973, 3973
  1747, 1747
  1295, 1295
  131, 131
  2389, 2389
  2261, 2261
  1744, 1744
  3272, 3272
  1775, 1775
  2325, 2325
  2790, 2790
  1990, 1990
  1603, 1603
  29, 29
  1804, 1804
  1619, 1619
  1352, 1352
  3866, 3866
  3403, 3403
  2704, 2704
  3579, 3579
  3229, 3229
  241, 241
  3492, 3492
  2548, 2548
  1688, 1688
  1306, 1306
  1410, 1410
  3817, 3817
  132, 132
  2117, 2117
  2739, 2739
  1148, 1148
  3856, 3856
  2771, 2771
  1340, 1340
  3516, 3516
  3174, 3174
  415, 415
  904, 904
  3500, 3500
  64, 64
  2615, 2615
  385, 385
  2335, 2335
  2477, 2477
  2852, 2852
  1168, 1168
  3374, 3374
  139, 139
  673, 673
  1626, 1626
  3600, 3600
  2904, 2904
  2410, 2410
  2797, 2797
  595, 595
  154, 154
  2969, 2969
  3711, 3711
  152, 152
  1816, 1816
  1674, 1674
  3023, 3023
  3849, 3849
  106, 106
  2338, 2338
  2766, 2766
  3321, 3321
  2162, 2162
  75, 75
  1877, 1877
  1248, 1248
  3099, 3099
  2986, 2986
  2420, 2420
  1852, 1852
  1358, 1358
  1608, 1608
  3063, 3063
  2363, 2363
  1707, 1707
  301, 301
  526, 526
  2599, 2599
  951, 951
  3449, 3449
  70, 70
  3613, 3613
  2737, 2737
  3763, 3763
  439, 439
  1769, 1769
  122, 122
  2605, 2605
  2956, 2956
  3972, 3972
  2611, 2611
  2929, 2929
  692, 692
  53, 53
  3850, 3850
  2447, 2447
  3875, 3875
  3303, 3303
  2138, 2138
  2824, 2824
  3894, 3894
  3815, 3815
  1161, 1161
  61, 61
  2815, 2815
  2066, 2066
  3371, 3371
  709, 709
  869, 869
  722, 722
  3928, 3928
  3091, 3091
  2910, 2910
  3946, 3946
  176, 176
  3902, 3902
  1774, 1774
  471, 471
  3441, 3441
  2456, 2456
  1684, 1684
  1095, 1095
  3926, 3926
  2776, 2776
  1647, 1647
  3686, 3686
  1489, 1489
  2302, 2302
  381, 381
  3723, 3723
  322, 322
  1689, 1689
  1932, 1932
  742, 742
  1880, 1880
  2239, 2239
  1484, 1484
  1792, 1792
  792, 792
  554, 554
  804, 804
  272, 272
  936, 936
  2984, 2984
  1580, 1580
  2983, 2983
  3740, 3740
  1032, 1032
  1976, 1976
  3307, 3307
  795, 795
  3410, 3410
  2125, 2125
  3657, 3657
  320, 320
  3813, 3813
  2106, 2106
  2631, 2631
  3415, 3415
  2700, 2700
  3165, 3165
  2645, 2645
  506, 506
  2810, 2810
  2394, 2394
  1758, 1758
  274, 274
  563, 563
  3482, 3482
  334, 334
  2748, 2748
  1660, 1660
  3823, 3823
  1196, 1196
  1279, 1279
  3425, 3425
  366, 366
  2785, 2785
  1289, 1289
  2141, 2141
  1867, 1867
  2985, 2985
  3870, 3870
  3935, 3935
  2995, 2995
  9, 9
  409, 409
  1087, 1087
  2848, 2848
  2024, 2024
  269, 269
  327, 327
  1613, 1613
  1481, 1481
  749, 749
  2304, 2304
  971, 971
  670, 670
  2340, 2340
  308, 308
  2135, 2135
  1211, 1211
  464, 464
  2173, 2173
  1860, 1860
  3544, 3544
  2361, 2361
  1218, 1218
  3075, 3075
  2369, 2369
  2273, 2273
  2100, 2100
  501, 501
  750, 750
  1563, 1563
  710, 710
  513, 513
  1710, 1710
  395, 395
  3451, 3451
  3333, 3333
  2799, 2799
  1717, 1717
  375, 375
  1497, 1497
  2252, 2252
  2702, 2702
  1243, 1243
  1039, 1039
  3095, 3095
  3342, 3342
  1171, 1171
  1312, 1312
  930, 930
  2067, 2067
  771, 771
  1216, 1216
  1469, 1469
  3818, 3818
  596, 596
  3868, 3868
  922, 922
  3750, 3750
  2449, 2449
  3855, 3855
  635, 635
  2038, 2038
  265, 265
  3257, 3257
  1697, 1697
  3526, 3526
  2841, 2841
  3121, 3121
  2588, 2588
  2777, 2777
  2418, 2418
  3824, 3824
  3924, 3924
  2438, 2438
  832, 832
  3389, 3389
  962, 962
  2144, 2144
  1810, 1810
  384, 384
  2458, 2458
  2320, 2320
  2036, 2036
  1193, 1193
  148, 148
  3580, 3580
  1071, 1071
  2970, 2970
  1740, 1740
  3945, 3945
  1062, 1062
  3455, 3455
  1214, 1214
  2160, 2160
  1036, 1036
  3246, 3246
  2119, 2119
  565, 565
  1516, 1516
  2847, 2847
  3194, 3194
  2536, 2536
  3704, 3704
  2939, 2939
  426, 426
  999, 999
  3363, 3363
  727, 727
  1172, 1172
  1926, 1926
  3687, 3687
  3031, 3031
  1492, 1492
  1763, 1763
  3572, 3572
  1280, 1280
  3057, 3057
  691, 691
  1103, 1103
  3914, 3914
  1848, 1848
  2870, 2870
  1324, 1324
  1554, 1554
  1754, 1754
  1700, 1700
  2344, 2344
  1538, 1538
  1897, 1897
  3020, 3020
  2095, 2095
  1736, 1736
  1783, 1783
  1023, 1023
  2110, 2110
  1986, 1986
  1567, 1567
  3119, 3119
  151, 151
  1028, 1028
  703, 703
  1075, 1075
  723, 723
  3293, 3293
  2900, 2900
  220, 220
  3092, 3092
  3144, 3144
  1068, 1068
  474, 474
  2051, 2051
  775, 775
  2313, 2313
  3364, 3364
  3993, 3993
  657, 657
  1635, 1635
  445, 445
  1855, 1855
  500, 500
  1404, 1404
  30, 30
  2856, 2856
  2283, 2283
  3286, 3286
  3695, 3695
  803, 803
  346, 346
  3681, 3681
  362, 362
  2519, 2519
  1093, 1093
  1284, 1284
  3185, 3185
  2205, 2205
  2128, 2128
  1118, 1118
  1906, 1906
  2505, 2505
  2846, 2846
  3445, 3445
  3446, 3446
  998, 998
  1557, 1557
  3383, 3383
  3680, 3680
  927, 927
  3538, 3538
  3947, 3947
  3672, 3672
  3443, 3443
  1170, 1170
  835, 835
  3030, 3030
  2143, 2143
  2092, 2092
  2726, 2726
  1805, 1805
  2729, 2729
  3264, 3264
  2798, 2798
  2140, 2140
  2115, 2115
  1761, 1761
  28, 28
  2306, 2306
  3322, 3322
  2070, 2070
  119, 119
  1119, 1119
  3487, 3487
  746, 746
  3220, 3220
  1881, 1881
  1366, 1366
  990, 990
  3447, 3447
  3873, 3873
  3476, 3476
  3106, 3106
  3110, 3110
  3205, 3205
  3624, 3624
  798, 798
  2382, 2382
  2475, 2475
  3506, 3506
  3161, 3161
  3470, 3470
  2927, 2927
  1659, 1659
  2006, 2006
  192, 192
  211, 211
  3923, 3923
  382, 382
  1662, 1662
  1186, 1186
  3115, 3115
  954, 954
  1335, 1335
  2170, 2170
  2993, 2993
  1183, 1183
  3755, 3755
  875, 875
  34, 34
  3767, 3767
  240, 240
  267, 267
  2041, 2041
  2203, 2203
  2695, 2695
  3803, 3803
  3887, 3887
  1607, 1607
  2553, 2553
  2384, 2384
  1778, 1778
  3179, 3179
  3005, 3005
  436, 436
  3216, 3216
  3014, 3014
  1779, 1779
  124, 124
  725, 725
  784, 784
  967, 967
  3699, 3699
  2782, 2782
  3290, 3290
  504, 504
  3432, 3432
  2056, 2056
  2598, 2598
  1568, 1568
  1443, 1443
  2888, 2888
  740, 740
  1785, 1785
  1188, 1188
  2029, 2029
  2047, 2047
  1514, 1514
  400, 400
  2820, 2820
  411, 411
  3904, 3904
  898, 898
  328, 328
  2603, 2603
  3832, 3832
  204, 204
  3222, 3222
  2778, 2778
  27, 27
  48, 48
  3331, 3331
  1654, 1654
  3760, 3760
  1598, 1598
  3261, 3261
  2031, 2031
  2833, 2833
  484, 484
  2823, 2823
  3038, 3038
  3457, 3457
  2316, 2316
  3429, 3429
  3511, 3511
  1901, 1901
  278, 278
  3909, 3909
  2215, 2215
  1486, 1486
  2836, 2836
  3349, 3349
  2925, 2925
  3315, 3315
  175, 175
  782, 782
  1220, 1220
  3937, 3937
  3784, 3784
  2443, 2443
  977, 977
  3602, 3602
  1431, 1431
  3570, 3570
  2184, 2184
  159, 159
  3124, 3124
  3729, 3729
  3288, 3288
  2966, 2966
  2432, 2432
  2735, 2735
  1018, 1018
  1053, 1053
  1995, 1995
  58, 58
  2397, 2397
  818, 818
  2727, 2727
  3543, 3543
  2532, 2532
  121, 121
  2834, 2834
  3190, 3190
  71, 71
  3046, 3046
  2295, 2295
  1902, 1902
  683, 683
  3990, 3990
  3263, 3263
  3796, 3796
  2730, 2730
  1958, 1958
  239, 239
  1029, 1029
  128, 128
  2546, 2546
  191, 191
  2471, 2471
  1327, 1327
  3714, 3714
  3113, 3113
  281, 281
  56, 56
  2672, 2672
  427, 427
  33, 33
  2688, 2688
  1782, 1782
  993, 993
  1360, 1360
  162, 162
  3705, 3705
  3778, 3778
  1437, 1437
  46, 46
  2943, 2943
  713, 713
  3535, 3535
  402, 402
  1794, 1794
  3431, 3431
  3653, 3653
  987, 987
  1286, 1286
  1209, 1209
  3393, 3393
  1540, 1540
  2484, 2484
  2818, 2818
  3808, 3808
  1838, 1838
  572, 572
  2245, 2245
  745, 745
  363, 363
  699, 699
  1943, 1943
  2366, 2366
  1332, 1332
  1631, 1631
  1490, 1490
  2622, 2622
  2767, 2767
  2000, 2000
  248, 248
  831, 831
  399, 399
  2073, 2073
  2589, 2589
  2071, 2071
  143, 143
  607, 607
  1601, 1601
  645, 645
  988, 988
  625, 625
  2722, 2722
  67, 67
  2926, 2926
  10, 10
  1720, 1720
  118, 118
  1886, 1886
  1341, 1341
  2159, 2159
  2033, 2033
  627, 627
  2908, 2908
  2470, 2470
  2004, 2004
  1561, 1561
  1597, 1597
  585, 585
  1432, 1432
  1558, 1558
  2374, 2374
  2422, 2422
  3976, 3976
  524, 524
  1260, 1260
  3596, 3596
  2864, 2864
  102, 102
  2412, 2412
  649, 649
  2285, 2285
  3679, 3679
  3995, 3995
  3199, 3199
  3761, 3761
  3052, 3052
  2891, 2891
  157, 157
  3011, 3011
  651, 651
  3016, 3016
  1005, 1005
  3076, 3076
  1274, 1274
  3402, 3402
  115, 115
  374, 374
  198, 198
  3527, 3527
  2873, 2873
  237, 237
  418, 418
  3895, 3895
  624, 624
  3609, 3609
  2334, 2334
  2951, 2951
  1913, 1913
  316, 316
  2396, 2396
  2732, 2732
  380, 380
  1994, 1994
  455, 455
  1655, 1655
  2972, 2972
  307, 307
  3710, 3710
  1383, 1383
  3353, 3353
  3916, 3916
  1825, 1825
  2123, 2123
  1381, 1381
  643, 643
  2093, 2093
  2914, 2914
  1448, 1448
  887, 887
  2375, 2375
  2037, 2037
  548, 548
  3146, 3146
  2779, 2779
  1811, 1811
  3782, 3782
  3419, 3419
  2307, 2307
  2209, 2209
  69, 69
  768, 768
  3848, 3848
  2552, 2552
  2469, 2469
  2455, 2455
  1257, 1257
  3637, 3637
  1362, 1362
  1993, 1993
  3700, 3700
  687, 687
  3043, 3043
  2440, 2440
  1950, 1950
  2563, 2563
  2675, 2675
  2837, 2837
  942, 942
  389, 389
  1620, 1620
  3786, 3786
  1380, 1380
  1133, 1133
  3753, 3753
  3464, 3464
  1916, 1916
  3502, 3502
  2742, 2742
  2425, 2425
  1675, 1675
  677, 677
  1307, 1307
  87, 87
  1609, 1609
  2072, 2072
  2838, 2838
  1680, 1680
  221, 221
  3026, 3026
  2192, 2192
  2300, 2300
  3368, 3368
  3807, 3807
  1865, 1865
  3059, 3059
  601, 601
  84, 84
  577, 577
  2012, 2012
  1004, 1004
  838, 838
  3869, 3869
  950, 950
  3614, 3614
  959, 959
  1864, 1864
  3007, 3007
  1546, 1546
  1656, 1656
  906, 906
  3010, 3010
  853, 853
  767, 767
  202, 202
  1587, 1587
  682, 682
  1739, 1739
  1106, 1106
  2253, 2253
  1056, 1056
  228, 228
  2516, 2516
  450, 450
  174, 174
  3170, 3170
  1549, 1549
  2965, 2965
  1016, 1016
  637, 637
  2717, 2717
  219, 219
  3189, 3189
  3956, 3956
  628, 628
  3074, 3074
  180, 180
  2001, 2001
  88, 88
  282, 282
  1582, 1582
  3361, 3361
  1796, 1796
  1189, 1189
  453, 453
  3440, 3440
  1227, 1227
  3123, 3123
  2506, 2506
  3109, 3109
  588, 588
  1408, 1408
  2731, 2731
  3105, 3105
  166, 166
  3485, 3485
  1678, 1678
  1344, 1344
  2354, 2354
  2874, 2874
  3306, 3306
  179, 179
  3766, 3766
  634, 634
  2542, 2542
  2898, 2898
  413, 413
  1166, 1166
  587, 587
  2523, 2523
  2683, 2683
  1353, 1353
  3197, 3197
  907, 907
  3623, 3623
  2851, 2851
  3793, 3793
  392, 392
  1687, 1687
  3049, 3049
  2667, 2667
  2756, 2756
  2077, 2077
  1513, 1513
  3591, 3591
  1453, 1453
  3645, 3645
  2323, 2323
  3852, 3852
  1067, 1067
  1415, 1415
  3797, 3797
  2508, 2508
  770, 770
  937, 937
  1749, 1749
  995, 995
  3039, 3039
  2825, 2825
  1232, 1232
  3738, 3738
  706, 706
  2578, 2578
  1463, 1463
  1616, 1616
  2636, 2636
  1892, 1892
  3654, 3654
  2618, 2618
  2866, 2866
  2489, 2489
  1583, 1583
  367, 367
  667, 667
  2794, 2794
  3708, 3708
  3175, 3175
  229, 229
  1581, 1581
  2129, 2129
  3505, 3505
  2905, 2905
  3541, 3541
  1350, 1350
  473, 473
  3067, 3067
  3200, 3200
  3841, 3841
  246, 246
  960, 960
  1527, 1527
  2385, 2385
  3901, 3901
  1552, 1552
  2237, 2237
  1725, 1725
  762, 762
  1388, 1388
  2911, 2911
  1506, 1506
  486, 486
  1807, 1807
  1319, 1319
  1663, 1663
  3061, 3061
  2476, 2476
  3913, 3913
  1006, 1006
  2520, 2520
  2210, 2210
  3458, 3458
  2490, 2490
  2166, 2166
  3969, 3969
  2233, 2233
  3178, 3178
  2444, 2444
  1076, 1076
  3, 3
  2713, 2713
  3709, 3709
  3758, 3758
  1176, 1176
  3214, 3214
  1025, 1025
  2738, 2738
  1330, 1330
  3494, 3494
  1968, 1968
  268, 268
  3943, 3943
  3867, 3867
  1398, 1398
  1841, 1841
  2627, 2627
  17, 17
  3521, 3521
  35, 35
  298, 298
  557, 557
  3217, 3217
  2085, 2085
  3660, 3660
  3047, 3047
  2346, 2346
  1780, 1780
  3224, 3224
  2861, 2861
  21, 21
  167, 167
  2921, 2921
  3444, 3444
  1930, 1930
  3996, 3996
  3590, 3590
  1666, 1666
  302, 302
  2080, 2080
  3573, 3573
  210, 210
  1836, 1836
  2292, 2292
  3033, 3033
  3552, 3552
  2065, 2065
  1695, 1695
  3017, 3017
  755, 755
  223, 223
  3719, 3719
  1478, 1478
  1342, 1342
  1399, 1399
  1361, 1361
  2903, 2903
  2945, 2945
  3799, 3799
  863, 863
  3748, 3748
  1556, 1556
  1462, 1462
  1078, 1078
  2377, 2377
  751, 751
  1283, 1283
  1163, 1163
  2145, 2145
  1588, 1588
  495, 495
  20, 20
  1147, 1147
  631, 631
  2614, 2614
  1140, 1140
  2703, 2703
  1874, 1874
  1270, 1270
  1564, 1564
  3518, 3518
  2075, 2075
  3266, 3266
  1806, 1806
  1222, 1222
  2859, 2859
  1013, 1013
  3271, 3271
  1011, 1011
  1020, 1020
  781, 781
  3668, 3668
  2088, 2088
  3309, 3309
  765, 765
  3919, 3919
  957, 957
  620, 620
  3256, 3256
  2481, 2481
  2426, 2426
  2231, 2231
  1922, 1922
  1715, 1715
  2248, 2248
  3765, 3765
  318, 318
  647, 647
  3439, 3439
  2556, 2556
  3690, 3690
  1705, 1705
  206, 206
  1409, 1409
  1652, 1652
  855, 855
  1648, 1648
  199, 199
  1996, 1996
  3093, 3093
  3826, 3826
  867, 867
  2002, 2002
  3203, 3203
  2647, 2647
  1961, 1961
  3154, 3154
  801, 801
  2016, 2016
  498, 498
  344, 344
  1974, 1974
  549, 549
  630, 630
  3406, 3406
  72, 72
  3970, 3970
  338, 338
  605, 605
  1491, 1491
  2711, 2711
  104, 104
  2540, 2540
  1291, 1291
  1394, 1394
  2684, 2684
  1073, 1073
  126, 126
  1802, 1802
  266, 266
  2996, 2996
  2487, 2487
  1529, 1529
  1683, 1683
  3754, 3754
  1983, 1983
  1212, 1212
  2241, 2241
  1980, 1980
  3501, 3501
  889, 889
  693, 693
  1258, 1258
  2055, 2055
  438, 438
  270, 270
  1084, 1084
  3254, 3254
  1406, 1406
  1237, 1237
  1128, 1128
  2049, 2049
  3298, 3298
  2089, 2089
  3191, 3191
  2132, 2132
  3073, 3073
  1422, 1422
  1577, 1577
  134, 134
  3801, 3801
  178, 178
  2670, 2670
  2826, 2826
  3228, 3228
  2101, 2101
  1646, 1646
  2436, 2436
  2568, 2568
  791, 791
  892, 892
  1454, 1454
  3138, 3138
  1110, 1110
  1633, 1633
  2337, 2337
  2121, 2121
  3615, 3615
  1224, 1224
  539, 539
  2171, 2171
  1051, 1051
  44, 44
  3401, 3401
  1116, 1116
  1303, 1303
  2498, 2498
  3739, 3739
  1938, 1938
  3547, 3547
  423, 423
  3540, 3540
  1268, 1268
  3120, 3120
  1288, 1288
  1562, 1562
  1724, 1724
  2157, 2157
  2754, 2754
  2274, 2274
  60, 60
  3548, 3548
  3557, 3557
  783, 783
  785, 785
  95, 95
  3877, 3877
  1711, 1711
  1457, 1457
  2937, 2937
  933, 933
  2427, 2427
  886, 886
  1309, 1309
  3735, 3735
  2652, 2652
  3279, 3279
  2217, 2217
  2784, 2784
  3522, 3522
  1245, 1245
  3131, 3131
  3412, 3412
  3707, 3707
  2152, 2152
  348, 348
  1591, 1591
  386, 386
  494, 494
  2441, 2441
  1083, 1083
  11, 11
  1263, 1263
  568, 568
  2791, 2791
  3528, 3528
  321, 321
  1169, 1169
  2641, 2641
  3070, 3070
  3081, 3081
  2946, 2946
  674, 674
  2524, 2524
  695, 695
  3347, 3347
  3484, 3484
  2035, 2035
  2408, 2408
  3566, 3566
  3475, 3475
  3636, 3636
  149, 149
  1857, 1857
  2224, 2224
  732, 732
  1187, 1187
  1696, 1696
  303, 303
  2709, 2709
  3252, 3252
  3388, 3388
  2247, 2247
  3277, 3277
  3122, 3122
  881, 881
  986, 986
  1539, 1539
  2577, 2577
  89, 89
  1784, 1784
  1201, 1201
  3442, 3442
  183, 183
  1378, 1378
  497, 497
  2330, 2330
  2297, 2297
  3595, 3595
  1471, 1471
  3459, 3459
  1634, 1634
  3250, 3250
  1329, 1329
  2719, 2719
  3019, 3019
  2409, 2409
  1813, 1813
  2857, 2857
  828, 828
  361, 361
  2955, 2955
  641, 641
  2931, 2931
  1681, 1681
  113, 113
  1417, 1417
  996, 996
  3437, 3437
  3736, 3736
  314, 314
  1135, 1135
  946, 946
  456, 456
  970, 970
  2804, 2804
  205, 205
  2887, 2887
  2023, 2023
  2718, 2718
  3830, 3830
  2977, 2977
  3896, 3896
  3838, 3838
  522, 522
  2736, 2736
  1033, 1033
  1107, 1107
  754, 754
  1657, 1657
  3065, 3065
  2260, 2260
  3096, 3096
  1164, 1164
  2734, 2734
  2690, 2690
  2393, 2393
  2116, 2116
  1386, 1386
  508, 508
  3150, 3150
  3792, 3792
  3900, 3900
  3056, 3056
  2027, 2027
  1576, 1576
  1733, 1733
  280, 280
  1259, 1259
  2081, 2081
  3029, 3029
  3223, 3223
  2989, 2989
  2924, 2924
  3420, 3420
  3941, 3941
  3062, 3062
  2620, 2620
  3771, 3771
  2156, 2156
  3842, 3842
  3241, 3241
  3247, 3247
  242, 242
  1889, 1889
  836, 836
  2569, 2569
  3407, 3407
  273, 273
  3126, 3126
  2499, 2499
  812, 812
  3582, 3582
  3816, 3816
  181, 181
  1526, 1526
  2699, 2699
  306, 306
  602, 602
  311, 311
  909, 909
  463, 463
  654, 654
  1920, 1920
  573, 573
  129, 129
  91, 91
  3962, 3962
  2266, 2266
  3703, 3703
  3568, 3568
  309, 309
  1669, 1669
  2720, 2720
  3961, 3961
  3804, 3804
  200, 200
  468, 468
  304, 304
  3991, 3991
  2305, 2305
  85, 85
  3598, 3598
  420, 420
  2502, 2502
  846, 846
  1771, 1771
  3940, 3940
  515, 515
  107, 107
  3616, 3616
  1299, 1299
  3514, 3514
  3177, 3177
  2212, 2212
  1917, 1917
  989, 989
  1918, 1918
  3791, 3791
  3939, 3939
  209, 209
  517, 517
  3114, 3114
  377, 377
  2564, 2564
  1160, 1160
  55, 55
  401, 401
  2174, 2174
  2689, 2689
  3863, 3863
  2817, 2817
  476, 476
  555, 555
  3300, 3300
  1423, 1423
  2747, 2747
  1819, 1819
  3491, 3491
  2746, 2746
  3706, 3706
  705, 705
  2179, 2179
  1735, 1735
  3669, 3669
  1098, 1098
  2102, 2102
  1089, 1089
  335, 335
  2740, 2740
  40, 40
  1504, 1504
  1638, 1638
  2495, 2495
  315, 315
  3508, 3508
  261, 261
  1435, 1435
  505, 505
  3242, 3242
  1412, 1412
  3102, 3102
  1064, 1064
  3001, 3001
  2168, 2168
  1756, 1756
  1856, 1856
  2500, 2500
  3651, 3651
  3533, 3533
  955, 955
  3833, 3833
  3253, 3253
  447, 447
  2602, 2602
  1052, 1052
  3082, 3082
  1766, 1766
  65, 65
  1420, 1420
  1699, 1699
  778, 778
  1498, 1498
  776, 776
  3426, 3426
  1533, 1533
  2378, 2378
  1250, 1250
  3295, 3295
  3885, 3885
  759, 759
  2875, 2875
  3137, 3137
  3370, 3370
  1177, 1177
  1123, 1123
  92, 92
  2472, 2472
  1104, 1104
  2551, 2551
  859, 859
  168, 168
  3551, 3551
  1294, 1294
  1345, 1345
  3671, 3671
  3933, 3933
  2342, 2342
  378, 378
  3427, 3427
  811, 811
  856, 856
  1939, 1939
  3588, 3588
  3618, 3618
  913, 913
  3084, 3084
  3563, 3563
  1000, 1000
  3564, 3564
  1339, 1339
  1474, 1474
  3874, 3874
  3159, 3159
  1908, 1908
  3430, 3430
  3454, 3454
  1685, 1685
  275, 275
  3722, 3722
  2169, 2169
  133, 133
  2105, 2105
  1987, 1987
  1571, 1571
  1444, 1444
  896, 896
  2518, 2518
  2201, 2201
  1701, 1701
  98, 98
  1374, 1374
  1551, 1551
  2399, 2399
  470, 470
  676, 676
  1081, 1081
  690, 690
  1520, 1520
  552, 552
  452, 452
  3379, 3379
  417, 417
  1069, 1069
  442, 442
  405, 405
  2182, 2182
  483, 483
  305, 305
  629, 629
  2913, 2913
  3398, 3398
  2057, 2057
  943, 943
  3408, 3408
  2030, 2030
  1997, 1997
  1153, 1153
  2271, 2271
  1297, 1297
  437, 437
  3922, 3922
  1722, 1722
  1131, 1131
  2153, 2153
  2018, 2018
  1347, 1347
  2461, 2461
  329, 329
  4000, 4000
  2619, 2619
  3499, 3499
  2395, 2395
  324, 324
  1863, 1863
  333, 333
  51, 51
  3819, 3819
  3193, 3193
  1611, 1611
  1392, 1392
  100, 100
  2474, 2474
  3938, 3938
  2270, 2270
  1645, 1645
  43, 43
  459, 459
  59, 59
  2372, 2372
  2407, 2407
  158, 158
  3621, 3621
  2757, 2757
  2988, 2988
  3843, 3843
  3134, 3134
  1433, 1433
  3181, 3181
  1672, 1672
  2482, 2482
  3872, 3872
  2268, 2268
  96, 96
  2749, 2749
  564, 564
  1624, 1624
  2716, 2716
  2048, 2048
  2871, 2871
  2664, 2664
  590, 590
  2769, 2769
  1728, 1728
  2053, 2053
  1677, 1677
  1096, 1096
  3474, 3474
  1544, 1544
  3153, 3153
  615, 615
  1346, 1346
  3469, 3469
  236, 236
  3742, 3742
  1949, 1949
  2322, 2322
  609, 609
  3631, 3631
  444, 444
  1808, 1808
  3822, 3822
  3112, 3112
  1182, 1182
  403, 403
  1895, 1895
  1419, 1419
  165, 165
  1817, 1817
  3135, 3135
  1379, 1379
  2744, 2744
  3221, 3221
  224, 224
  117, 117
  475, 475
  1885, 1885
  3238, 3238
  435, 435
  2091, 2091
  3688, 3688
  2876, 2876
  2585, 2585
  2507, 2507
  2194, 2194
  3921, 3921
  721, 721
  3186, 3186
  1122, 1122
  3643, 3643
  3036, 3036
  1181, 1181
  1333, 1333
  3676, 3676
  1091, 1091
  3297, 3297
  3323, 3323
  1963, 1963
  3035, 3035
  422, 422
  3503, 3503
  1112, 1112
  2591, 2591
  496, 496
  3311, 3311
  2090, 2090
  252, 252
  3980, 3980
  3210, 3210
  884, 884
  3561, 3561
  599, 599
  292, 292
  1184, 1184
  2786, 2786
  3599, 3599
  2199, 2199
  337, 337
  2347, 2347
  3341, 3341
  3751, 3751
  3802, 3802
  233, 233
  255, 255
  3409, 3409
  1154, 1154
  2451, 2451
  1679, 1679
  1085, 1085
  3104, 3104
  926, 926
  1878, 1878
  3584, 3584
  1686, 1686
  2045, 2045
  1450, 1450
  1468, 1468
  1693, 1693
  1602, 1602
  1206, 1206
  816, 816
  3743, 3743
  2491, 2491
  2032, 2032
  485, 485
  1465, 1465
  1315, 1315
  2831, 2831
  3840, 3840
  1820, 1820
  1253, 1253
  2774, 2774
  1694, 1694
  440, 440
  3226, 3226
  1157, 1157
  2321, 2321
  1230, 1230
  1866, 1866
  2677, 2677
  2884, 2884
  858, 858
  1158, 1158
  108, 108
  1021, 1021
  901, 901
  2336, 2336
  2968, 2968
  876, 876
  3721, 3721
  1336, 1336
  1239, 1239
  2959, 2959
  1425, 1425
  3428, 3428
  2398, 2398
  2301, 2301
  3087, 3087
  3097, 3097
  3278, 3278
  525, 525
  1061, 1061
  2084, 2084
  1612, 1612
  2948, 2948
  3774, 3774
  1427, 1427
  1262, 1262
  3483, 3483
  3988, 3988
  3769, 3769
  39, 39
  1972, 1972
  2288, 2288
  2254, 2254
  2819, 2819
  661, 661
  1883, 1883
  728, 728
  1424, 1424
  2733, 2733
  1594, 1594
  2880, 2880
  3539, 3539
  702, 702
  672, 672
  2430, 2430
  1868, 1868
  2525, 2525
  2485, 2485
  1102, 1102
  2607, 2607
  3987, 3987
  3659, 3659
  739, 739
  864, 864
  3392, 3392
  1991, 1991
  1884, 1884
  934, 934
  2387, 2387
  3042, 3042
  576, 576
  538, 538
  3607, 3607
  1853, 1853
  3957, 3957
  1221, 1221
  1545, 1545
  1277, 1277
  2991, 2991
  1179, 1179
  3132, 3132
  1882, 1882
  1426, 1426
  1487, 1487
  2308, 2308
  146, 146
  1050, 1050
  2187, 2187
  1849, 1849
  1899, 1899
  2511, 2511
  2775, 2775
  1670, 1670
  3390, 3390
  82, 82
  558, 558
  3338, 3338
  3524, 3524
  3237, 3237
  1178, 1178
  1100, 1100
  2326, 2326
  489, 489
  2309, 2309
  3677, 3677
  3906, 3906
  1945, 1945
  227, 227
  837, 837
  472, 472
  14, 14
  3858, 3858
  1117, 1117
  2604, 2604
  2659, 2659
  3712, 3712
  54, 54
  2293, 2293
  2379, 2379
  1667, 1667
  632, 632
  1030, 1030
  815, 815
  3979, 3979
  3585, 3585
  2827, 2827
  1208, 1208
  2109, 2109
  3656, 3656
  2517, 2517
  939, 939
  2537, 2537
  1929, 1929
  1575, 1575
  3851, 3851
  1175, 1175
  1643, 1643
  1470, 1470
  396, 396
  3617, 3617
  1773, 1773
  1229, 1229
  2435, 2435
  2234, 2234
  2773, 2773
  2916, 2916
  1022, 1022
  1854, 1854
  3953, 3953
  964, 964
  13, 13
  621, 621
  2367, 2367
  2976, 2976
  610, 610
  1475, 1475
  2356, 2356
  3882, 3882
  2349, 2349
  1456, 1456
  2697, 2697
  1851, 1851
  1499, 1499
  543, 543
  1046, 1046
  397, 397
  1870, 1870
  1234, 1234
  3550, 3550
  454, 454
  130, 130
  1464, 1464
  480, 480
  1213, 1213
  2392, 2392
  429, 429
  2886, 2886
  2586, 2586
  1789, 1789
  1521, 1521
  2559, 2559
  1376, 1376
  748, 748
  1045, 1045
  3424, 3424
  1791, 1791
  1559, 1559
  2188, 2188
  2022, 2022
  2467, 2467
  655, 655
  1954, 1954
  3734, 3734
  786, 786
  2406, 2406
  3903, 3903
  3473, 3473
  3982, 3982
  2759, 2759
  3002, 3002
  2497, 2497
  425, 425
  911, 911
  3336, 3336
  3920, 3920
  3354, 3354
  3619, 3619
  3685, 3685
  698, 698
  1630, 1630
  1428, 1428
  3054, 3054
  2180, 2180
  733, 733
  3168, 3168
  2327, 2327
  1442, 1442
  3907, 3907
  372, 372
  899, 899
  3556, 3556
  966, 966
  3789, 3789
  1729, 1729
  2764, 2764
  3209, 3209
  1590, 1590
  78, 78
  2944, 2944
  1692, 1692
  1535, 1535
  2633, 2633
  3141, 3141
  136, 136
  2228, 2228
  1574, 1574
  514, 514
  177, 177
  1254, 1254
  1944, 1944
  1205, 1205
  606, 606
  2630, 2630
  2893, 2893
  1273, 1273
  3772, 3772
  1704, 1704
  2601, 2601
  1192, 1192
  1953, 1953
  843, 843
  3968, 3968
  1099, 1099
  1458, 1458
  2840, 2840
  105, 105
  3658, 3658
  3726, 3726
  2225, 2225
  2609, 2609
  2743, 2743
  99, 99
  948, 948
  2127, 2127
  981, 981
  1812, 1812
  2324, 2324
  1165, 1165
  1981, 1981
  3143, 3143
  700, 700
  3731, 3731
  1434, 1434
  3018, 3018
  1924, 1924
  295, 295
  3332, 3332
  2974, 2974
  2907, 2907
  885, 885
  2459, 2459
  918, 918
  369, 369
  3571, 3571
  1441, 1441
  3385, 3385
  169, 169
  37, 37
  83, 83
  1914, 1914
  2558, 2558
  1473, 1473
  870, 870
  286, 286
  2918, 2918
  3834, 3834
  279, 279
  3055, 3055
  979, 979
  1389, 1389
  983, 983
  545, 545
  3034, 3034
  2139, 2139
  2917, 2917
  2933, 2933
  1038, 1038
  2226, 2226
  1368, 1368
  47, 47
  460, 460
  2442, 2442
  16, 16
  640, 640
  1015, 1015
  3359, 3359
  1162, 1162
  3785, 3785
  1494, 1494
  2359, 2359
  2494, 2494
  2126, 2126
  2365, 2365
  1043, 1043
  431, 431
  3532, 3532
  138, 138
  1872, 1872
  3283, 3283
  3130, 3130
  1698, 1698
  1146, 1146
  3495, 3495
  2593, 2593
  466, 466
  3745, 3745
  1373, 1373
  2279, 2279
  36, 36
  1002, 1002
  1570, 1570
  1322, 1322
  2858, 2858
  2597, 2597
  3567, 3567
  2545, 2545
  2679, 2679
  6, 6
  1477, 1477
  3230, 3230
  622, 622
  2707, 2707
  421, 421
  3650, 3650
  617, 617
  1875, 1875
  680, 680
  2676, 2676
  1445, 1445
  2554, 2554
  2860, 2860
  1, 1
  2329, 2329
  1942, 1942
  1988, 1988
  1272, 1272
  3844, 3844
  1151, 1151
  511, 511
  1776, 1776
  1505, 1505
  2526, 2526
  2267, 2267
  2869, 2869
  2562, 2562
  120, 120
  3478, 3478
  2612, 2612
  1873, 1873
  410, 410
  1951, 1951
  800, 800
  340, 340
  197, 197
  3225, 3225
  3172, 3172
  3592, 3592
  3665, 3665
  2380, 2380
  3041, 3041
  2445, 2445
  2450, 2450
  371, 371
  3809, 3809
  2386, 2386
  3027, 3027
  531, 531
  992, 992
  3744, 3744
  3622, 3622
  2680, 2680
  1967, 1967
  574, 574
  2608, 2608
  264, 264
  669, 669
  2648, 2648
  2017, 2017
  3162, 3162
  3227, 3227
  1668, 1668
  1617, 1617
  817, 817
  1718, 1718
  3632, 3632
  3880, 3880
  1911, 1911
  3356, 3356
  648, 648
  2439, 2439
  2512, 2512
  3169, 3169
  1318, 1318
  2158, 2158
  3890, 3890
  3555, 3555
  22, 22
  284, 284
  1815, 1815
  2973, 2973
  544, 544
  1547, 1547
  3554, 3554
  3196, 3196
  2581, 2581
  1040, 1040
  111, 111
  234, 234
  247, 247
  325, 325
  1837, 1837
  1007, 1007
  2963, 2963
  3859, 3859
  2808, 2808
  3024, 3024
  1584, 1584
  1623, 1623
  2504, 2504
  2780, 2780
  1862, 1862
  2640, 2640
  2413, 2413
  1079, 1079
  3400, 3400
  1054, 1054
  1793, 1793
  671, 671
  2054, 2054
  689, 689
  312, 312
  1137, 1137
  3716, 3716
  94, 94
  1285, 1285
  2961, 2961
  3932, 3932
  1927, 1927
  3720, 3720
  1708, 1708
  1644, 1644
  679, 679
  1905, 1905
  720, 720
  97, 97
  592, 592
  190, 190
  1048, 1048
  245, 245
  1251, 1251
  741, 741
  3764, 3764
  2762, 2762
  2272, 2272
  3667, 3667
  3236, 3236
  2639, 2639
  747, 747
  3908, 3908
  3149, 3149
  3160, 3160
  3768, 3768
  1247, 1247
  830, 830
  1134, 1134
  1438, 1438
  2402, 2402
  1055, 1055
  1795, 1795
  808, 808
  1896, 1896
  343, 343
  3536, 3536
  443, 443
  2230, 2230
  1296, 1296
  616, 616
  752, 752
  650, 650
  3994, 3994
  510, 510
  3509, 3509
  1822, 1822
  1115, 1115
  3954, 3954
  2661, 2661
  2021, 2021
  2010, 2010
  1041, 1041
  1304, 1304
  1712, 1712
  1628, 1628
  2299, 2299
  2244, 2244
  3136, 3136
  1204, 1204
  2565, 2565
  271, 271
  2723, 2723
  2555, 2555
  3434, 3434
  3565, 3565
  2788, 2788
  2634, 2634
  1762, 1762
  3267, 3267
  3234, 3234
  2207, 2207
  1236, 1236
  77, 77
  3683, 3683
  533, 533
  519, 519
  2015, 2015
  1042, 1042
  2934, 2934
  3912, 3912
  3559, 3559
  3367, 3367
  3422, 3422
  2087, 2087
  2373, 2373
  2638, 2638
  1690, 1690
  2653, 2653
  137, 137
  1893, 1893
  561, 561
  2878, 2878
  777, 777
  2082, 2082
  1787, 1787
  3981, 3981
  1195, 1195
  376, 376
  407, 407
  3358, 3358
  1405, 1405
  591, 591
  1120, 1120
  897, 897
  871, 871
  1180, 1180
  1010, 1010
  1719, 1719
  2256, 2256
  1894, 1894
  3725, 3725
  3718, 3718
  2932, 2932
  903, 903
  1629, 1629
  551, 551
  3831, 3831
  1298, 1298
  3871, 3871
  658, 658
  724, 724
  1723, 1723
  668, 668
  357, 357
  1759, 1759
  814, 814
  712, 712
  1858, 1858
  1757, 1757
  2741, 2741
  1928, 1928
  2521, 2521
  52, 52
  3670, 3670
  3628, 3628
  345, 345
  1641, 1641
  2503, 2503
  1770, 1770
  1651, 1651
  1452, 1452
  3380, 3380
  2529, 2529
  1970, 1970
  3879, 3879
  350, 350
  2011, 2011
  3728, 3728
  880, 880
  2197, 2197
  3232, 3232
  214, 214
  809, 809
  516, 516
  3649, 3649
  2200, 2200
  1311, 1311
  1080, 1080
  3452, 3452
  929, 929
  2772, 2772
  2897, 2897
  3107, 3107
  711, 711
  1058, 1058
  975, 975
  3693, 3693
  3206, 3206
  2692, 2692
  3208, 3208
  1235, 1235
  1316, 1316
  1323, 1323
  2419, 2419
  920, 920
  2058, 2058
  3330, 3330
  3860, 3860
  974, 974
  3911, 3911
  512, 512
  3008, 3008
  534, 534
  2232, 2232
  1948, 1948
  3249, 3249
  2979, 2979
  3387, 3387
  1781, 1781
  2094, 2094
  3620, 3620
  2025, 2025
  3794, 3794
  2136, 2136
  3376, 3376
  1199, 1199
  3117, 3117
  1955, 1955
  1343, 1343
  796, 796
  2998, 2998
  1934, 1934
  1534, 1534
  2350, 2350
  441, 441
  3462, 3462
  1034, 1034
  3362, 3362
  931, 931
  24, 24
  3127, 3127
  3069, 3069
  80, 80
  1156, 1156
  230, 230
  2763, 2763
  521, 521
  1941, 1941
  45, 45
  1190, 1190
  1141, 1141
  491, 491
  15, 15
  2806, 2806
  3717, 3717
  2863, 2863
  1159, 1159
  2142, 2142
  243, 243
  68, 68
  3752, 3752
  2600, 2600
  1142, 1142
  406, 406
  3989, 3989
  3810, 3810
  2899, 2899
  2802, 2802
  3302, 3302
  3747, 3747
  932, 932
  2547, 2547
  2915, 2915
  3156, 3156
  1879, 1879
  3934, 3934
  2606, 2606
  1511, 1511
  3032, 3032
  3285, 3285
  3612, 3612
  3640, 3640
  2530, 2530
  1998, 1998
  1267, 1267
  2940, 2940
  1125, 1125
  2681, 2681
  2811, 2811
  1287, 1287
  758, 758
  3438, 3438
  3814, 3814
  1173, 1173
  3418, 3418
  446, 446
  3025, 3025
  1219, 1219
  3269, 3269
  559, 559
  2543, 2543
  3737, 3737
  2868, 2868
  968, 968
  2753, 2753
  3382, 3382
  3983, 3983
  207, 207
  3963, 3963
  2626, 2626
  1479, 1479
  1691, 1691
  2812, 2812
  2176, 2176
  1714, 1714
  925, 925
  1088, 1088
  2052, 2052
  2357, 2357
  1418, 1418
  3471, 3471
  2889, 2889
  3313, 3313
  3634, 3634
  1982, 1982
  1572, 1572
  290, 290
  249, 249
  1891, 1891
  2264, 2264
  2576, 2576
  1396, 1396
  3328, 3328
  2222, 2222
  2195, 2195
  1844, 1844
  3258, 3258
  646, 646
  2686, 2686
  1202, 1202
  3012, 3012
  3040, 3040
  222, 222
  1750, 1750
  3013, 3013
  1543, 1543
  1421, 1421
  2107, 2107
  2040, 2040
  529, 529
  1676, 1676
  347, 347
  1082, 1082
  235, 235
  1228, 1228
  1461, 1461
  2196, 2196
  757, 757
  244, 244
  110, 110
  3375, 3375
  829, 829
  1888, 1888
  1912, 1912
  2146, 2146
  1397, 1397
  2148, 2148
  788, 788
  144, 144
  1753, 1753
  1070, 1070
  1832, 1832
  3537, 3537
  2877, 2877
  3611, 3611
  1610, 1610
  3638, 3638
  3998, 3998
  3064, 3064
  3811, 3811
  2383, 2383
  416, 416
  3155, 3155
  2448, 2448
  2755, 2755
  3881, 3881
  3674, 3674
  2216, 2216
  41, 41
  3294, 3294
  3289, 3289
  3942, 3942
  1152, 1152
  2960, 2960
  170, 170
  3187, 3187
  490, 490
  2629, 2629
  1871, 1871
  1555, 1555
  182, 182
  2137, 2137
  736, 736
  2124, 2124
  878, 878
  127, 127
  379, 379
  1472, 1472
  3964, 3964
  660, 660
  1086, 1086
  3689, 3689
  3861, 3861
  2865, 2865
  1589, 1589
  2364, 2364
  2492, 2492
  3886, 3886
  2971, 2971
  938, 938
  553, 553
  1600, 1600
  2240, 2240
  1599, 1599
  613, 613
  1231, 1231
  3369, 3369
  536, 536
  3593, 3593
  2610, 2610
  2533, 2533
  1047, 1047
  393, 393
  520, 520
  2894, 2894
  2104, 2104
  789, 789
  3630, 3630
  3251, 3251
  3324, 3324
  1823, 1823
  3648, 3648
  1510, 1510
  467, 467
  3340, 3340
  1191, 1191
  1531, 1531
  2161, 2161
  2039, 2039
  2376, 2376
  794, 794
  1105, 1105
  3142, 3142
  3299, 3299
  3060, 3060
  1143, 1143
  1109, 1109
  1800, 1800
  2796, 2796
  2623, 2623
  194, 194
  3021, 3021
  3560, 3560
  3821, 3821
  1959, 1959
  1831, 1831
  3523, 3523
  2177, 2177
  527, 527
  1455, 1455
  2122, 2122
  877, 877
  3839, 3839
  2424, 2424
}
