S (b, c) = {
  2823, 102823
  1960, 101960
  1490, 101490
  3454, 103454
  3150, 103150
  2199, 102199
  3673, 103673
  38, 100038
  1701, 101701
  2828, 102828
  133, 100133
  3679, 103679
  1053, 101053
  2848, 102848
  1730, 101730
  2057, 102057
  494, 100494
  3332, 103332
  3599, 103599
  801, 100801
  1720, 101720
  2268, 102268
  1020, 101020
  3210, 103210
  762, 100762
  519, 100519
  3248, 103248
  3951, 103951
  1967, 101967
  1703, 101703
  1110, 101110
  1795, 101795
  2969, 102969
  3539, 103539
  3277, 103277
  1130, 101130
  3426, 103426
  2359, 102359
  3282, 103282
  3613, 103613
  1652, 101652
  1407, 101407
  600, 100600
  3682, 103682
  767, 100767
  1448, 101448
  1572, 101572
  508, 100508
  2618, 102618
  3388, 103388
  2827, 102827
  2547, 102547
  1737, 101737
  3979, 103979
  3190, 103190
  2834, 102834
  1643, 101643
  3088, 103088
  1605, 101605
  342, 100342
  1820, 101820
  2707, 102707
  1205, 101205
  3214, 103214
  1404, 101404
  2190, 102190
  2580, 102580
  562, 100562
  3247, 103247
  2628, 102628
  3196, 103196
  2781, 102781
  1750, 101750
  1030, 101030
  184, 100184
  2494, 102494
  1273, 101273
  203, 100203
  1184, 101184
  687, 100687
  584, 100584
  2118, 102118
  1135, 101135
  2758, 102758
  1686, 101686
  3741, 103741
  3466, 103466
  3540, 103540
  171, 100171
  3090, 103090
  2088, 102088
  21, 100021
  1380, 101380
  3875, 103875
  3562, 103562
  2189, 102189
  2666, 102666
  2284, 102284
  621, 100621
  1518, 101518
  1141, 101141
  3871, 103871
  1487, 101487
  1269, 101269
  653, 100653
  2064, 102064
  314, 100314
  3681, 103681
  252, 100252
  1339, 101339
  231, 100231
  1738, 101738
  1978, 101978
  3193, 103193
  1794, 101794
  2674, 102674
  529, 100529
  1005, 101005
  2036, 102036
  3117, 103117
  3173, 103173
  228, 100228
  488, 100488
  1185, 101185
  751, 100751
  2077, 102077
  3138, 103138
  3607, 103607
  3023, 103023
  1804, 101804
  727, 100727
  827, 100827
  3171, 103171
  2348, 102348
  8, 100008
  325, 100325
  2327, 102327
  1648, 101648
  3299, 103299
  1894, 101894
  68, 100068
  2144, 102144
  355, 100355
  1226, 101226
  3991, 103991
  1495, 101495
  3341, 103341
  2063, 102063
  1675, 101675
  3459, 103459
  1086, 101086
  3169, 103169
  107, 100107
  3062, 103062
  1161, 101161
  36, 100036
  179, 100179
  3704, 103704
  1109, 101109
  156, 100156
  1608, 101608
  491, 100491
  624, 100624
  2595, 102595
  1200, 101200
  2861, 102861
  2706, 102706
  2413, 102413
  145, 100145
  2427, 102427
  105, 100105
  3752, 103752
  1314, 101314
  1679, 101679
  2841, 102841
  9, 100009
  953, 100953
  3987, 103987
  3624, 103624
  1604, 101604
  2897, 102897
  594, 100594
  1034, 101034
  1641, 101641
  1742, 101742
  3441, 103441
  440, 100440
  121, 100121
  245, 100245
  2777, 102777
  3322, 103322
  2760, 102760
  232, 100232
  3804, 103804
  1972, 101972
  3019, 103019
  3937, 103937
  1181, 101181
  552, 100552
  867, 100867
  2446, 102446
  1932, 101932
  1545, 101545
  1665, 101665
  2389, 102389
  1883, 101883
  819, 100819
  1263, 101263
  378, 100378
  3147, 103147
  704, 100704
  2710, 102710
  1315, 101315
  2134, 102134
  2879, 102879
  1166, 101166
  2265, 102265
  814, 100814
  3897, 103897
  3755, 103755
  2487, 102487
  846, 100846
  3494, 103494
  2791, 102791
  1650, 101650
  2620, 102620
  3955, 103955
  3985, 103985
  3846, 103846
  3183, 103183
  2161, 102161
  3586, 103586
  326, 100326
  1480, 101480
  3782, 103782
  1578, 101578
  1580, 101580
  3801, 103801
  2567, 102567
  209, 100209
  3711, 103711
  1970, 101970
  2509, 102509
  29, 100029
  57, 100057
  630, 100630
  2369, 102369
  86, 100086
  1517, 101517
  1054, 101054
  3086, 103086
  1015, 101015
  1956, 101956
  3606, 103606
  430, 100430
  855, 100855
  3236, 103236
  1016, 101016
  698, 100698
  63, 100063
  2137, 102137
  2406, 102406
  1366, 101366
  3052, 103052
  2143, 102143
  1565, 101565
  1597, 101597
  3251, 103251
  3249, 103249
  3175, 103175
  17, 100017
  504, 100504
  1926, 101926
  784, 100784
  3981, 103981
  1767, 101767
  434, 100434
  3302, 103302
  2086, 102086
  40, 100040
  1736, 101736
  200, 100200
  1289, 101289
  723, 100723
  1755, 101755
  352, 100352
  3954, 103954
  3284, 103284
  2084, 102084
  3751, 103751
  2520, 102520
  2889, 102889
  3292, 103292
  3874, 103874
  1851, 101851
  1040, 101040
  832, 100832
  2817, 102817
  3045, 103045
  2346, 102346
  3054, 103054
  1156, 101156
  2164, 102164
  3188, 103188
  2539, 102539
  2599, 102599
  799, 100799
  3390, 103390
  1546, 101546
  715, 100715
  2669, 102669
  1286, 101286
  1592, 101592
  270, 100270
  1777, 101777
  3091, 103091
  2216, 102216
  3935, 103935
  3353, 103353
  3473, 103473
  125, 100125
  569, 100569
  482, 100482
  2752, 102752
  1045, 101045
  2202, 102202
  1864, 101864
  730, 100730
  3452, 103452
  3974, 103974
  2331, 102331
  1759, 101759
  3029, 103029
  3436, 103436
  718, 100718
  306, 100306
  3795, 103795
  2775, 102775
  1780, 101780
  2271, 102271
  942, 100942
  2799, 102799
  872, 100872
  3695, 103695
  1036, 101036
  937, 100937
  24, 100024
  2091, 102091
  3482, 103482
  2881, 102881
  787, 100787
  3112, 103112
  3555, 103555
  1749, 101749
  131, 100131
  2148, 102148
  837, 100837
  2790, 102790
  2690, 102690
  22, 100022
  728, 100728
  1211, 101211
  2733, 102733
  1096, 101096
  2078, 102078
  3126, 103126
  3372, 103372
  1557, 101557
  1582, 101582
  1493, 101493
  3486, 103486
  3509, 103509
  770, 100770
  3708, 103708
  3465, 103465
  790, 100790
  2785, 102785
  3317, 103317
  406, 100406
  841, 100841
  2691, 102691
  2384, 102384
  2747, 102747
  3618, 103618
  130, 100130
  713, 100713
  3713, 103713
  2545, 102545
  3051, 103051
  2149, 102149
  435, 100435
  2914, 102914
  78, 100078
  1628, 101628
  1829, 101829
  1429, 101429
  910, 100910
  2155, 102155
  3800, 103800
  2324, 102324
  143, 100143
  3710, 103710
  1595, 101595
  3962, 103962
  800, 100800
  2769, 102769
  2087, 102087
  2996, 102996
  465, 100465
  2877, 102877
  3379, 103379
  3087, 103087
  3386, 103386
  2470, 102470
  3309, 103309
  1771, 101771
  3496, 103496
  2928, 102928
  948, 100948
  1104, 101104
  1063, 101063
  1810, 101810
  3146, 103146
  477, 100477
  1291, 101291
  163, 100163
  2503, 102503
  3339, 103339
  55, 100055
  3766, 103766
  67, 100067
  2837, 102837
  2004, 102004
  796, 100796
  2904, 102904
  500, 100500
  1297, 101297
  2493, 102493
  3926, 103926
  1799, 101799
  2016, 102016
  377, 100377
  860, 100860
  3666, 103666
  943, 100943
  2104, 102104
  3626, 103626
  945, 100945
  2410, 102410
  1726, 101726
  420, 100420
  1112, 101112
  812, 100812
  3835, 103835
  3645, 103645
  3252, 103252
  3467, 103467
  1836, 101836
  3053, 103053
  3172, 103172
  766, 100766
  2840, 102840
  1062, 101062
  3785, 103785
  1957, 101957
  227, 100227
  546, 100546
  2455, 102455
  2210, 102210
  1202, 101202
  2709, 102709
  702, 100702
  2874, 102874
  3155, 103155
  538, 100538
  1523, 101523
  2311, 102311
  1381, 101381
  535, 100535
  2774, 102774
  3640, 103640
  2946, 102946
  2757, 102757
  146, 100146
  1014, 101014
  874, 100874
  3882, 103882
  120, 100120
  51, 100051
  485, 100485
  2875, 102875
  54, 100054
  391, 100391
  571, 100571
  2588, 102588
  370, 100370
  2293, 102293
  2023, 102023
  237, 100237
  3164, 103164
  2888, 102888
  3076, 103076
  2501, 102501
  2069, 102069
  2213, 102213
  3665, 103665
  583, 100583
  2919, 102919
  369, 100369
  741, 100741
  382, 100382
  2020, 102020
  2792, 102792
  2891, 102891
  971, 100971
  47, 100047
  1439, 101439
  1210, 101210
  2654, 102654
  3610, 103610
  3963, 103963
  1666, 101666
  3337, 103337
  2959, 102959
  3931, 103931
  3485, 103485
  637, 100637
  643, 100643
  939, 100939
  2482, 102482
  2241, 102241
  2307, 102307
  3513, 103513
  753, 100753
  1816, 101816
  2186, 102186
  3965, 103965
  2317, 102317
  2097, 102097
  1526, 101526
  3631, 103631
  1343, 101343
  1879, 101879
  1878, 101878
  738, 100738
  2405, 102405
  2847, 102847
  1732, 101732
  2282, 102282
  1475, 101475
  731, 100731
  3369, 103369
  1050, 101050
  2372, 102372
  2661, 102661
  3080, 103080
  2169, 102169
  3783, 103783
  2356, 102356
  3753, 103753
  821, 100821
  3227, 103227
  3278, 103278
  354, 100354
  2447, 102447
  3531, 103531
  1307, 101307
  2429, 102429
  3533, 103533
  1019, 101019
  3463, 103463
  2695, 102695
  1140, 101140
  2945, 102945
  2522, 102522
  2836, 102836
  471, 100471
  970, 100970
  366, 100366
  2380, 102380
  2129, 102129
  3064, 103064
  755, 100755
  2068, 102068
  1950, 101950
  1377, 101377
  1722, 101722
  606, 100606
  1137, 101137
  3254, 103254
  76, 100076
  2603, 102603
  1463, 101463
  3880, 103880
  2436, 102436
  2537, 102537
  3223, 103223
  126, 100126
  3744, 103744
  3720, 103720
  1425, 101425
  1033, 101033
  1007, 101007
  2851, 102851
  797, 100797
  3778, 103778
  1911, 101911
  2715, 102715
  3136, 103136
  1527, 101527
  3443, 103443
  1524, 101524
  2652, 102652
  1547, 101547
  3685, 103685
  85, 100085
  1405, 101405
  1694, 101694
  3656, 103656
  1893, 101893
  3437, 103437
  840, 100840
  2506, 102506
  2559, 102559
  2540, 102540
  154, 100154
  2619, 102619
  2658, 102658
  3957, 103957
  1808, 101808
  536, 100536
  1107, 101107
  2982, 102982
  264, 100264
  1931, 101931
  1000, 101000
  174, 100174
  2159, 102159
  654, 100654
  3869, 103869
  1354, 101354
  2335, 102335
  194, 100194
  2915, 102915
  380, 100380
  3001, 103001
  2105, 102105
  415, 100415
  2787, 102787
  1622, 101622
  590, 100590
  1491, 101491
  2381, 102381
  18, 100018
  1792, 101792
  3677, 103677
  216, 100216
  3936, 103936
  1850, 101850
  2820, 102820
  2571, 102571
  1165, 101165
  3821, 103821
  1261, 101261
  141, 100141
  2907, 102907
  863, 100863
  815, 100815
  3689, 103689
  467, 100467
  2420, 102420
  2974, 102974
  2014, 102014
  3583, 103583
  1806, 101806
  10, 100010
  3000, 103000
  2911, 102911
  2896, 102896
  2322, 102322
  1320, 101320
  3176, 103176
  2956, 102956
  3833, 103833
  2656, 102656
  2605, 102605
  903, 100903
  2962, 102962
  923, 100923
  3557, 103557
  1563, 101563
  560, 100560
  151, 100151
  3074, 103074
  4000, 104000
  2240, 102240
  3998, 103998
  521, 100521
  3358, 103358
  689, 100689
  1336, 101336
  3984, 103984
  1391, 101391
  1278, 101278
  1553, 101553
  1571, 101571
  1075, 101075
  1600, 101600
  2152, 102152
  1937, 101937
  295, 100295
  3859, 103859
  3141, 103141
  1199, 101199
  752, 100752
  168, 100168
  3018, 103018
  447, 100447
  2450, 102450
  2303, 102303
  1919, 101919
  3878, 103878
  3566, 103566
  2878, 102878
  3968, 103968
  3009, 103009
  1627, 101627
  3567, 103567
  3915, 103915
  2388, 102388
  661, 100661
  3615, 103615
  705, 100705
  3492, 103492
  155, 100155
  3754, 103754
  717, 100717
  2096, 102096
  2971, 102971
  1207, 101207
  3728, 103728
  3662, 103662
  3786, 103786
  3265, 103265
  3572, 103572
  1247, 101247
  961, 100961
  2262, 102262
  1077, 101077
  468, 100468
  469, 100469
  1022, 101022
  3532, 103532
  1231, 101231
  1669, 101669
  2744, 102744
  3421, 103421
  1949, 101949
  1865, 101865
  2846, 102846
  2742, 102742
  81, 100081
  259, 100259
  3750, 103750
  2544, 102544
  3806, 103806
  2887, 102887
  1617, 101617
  3028, 103028
  563, 100563
  345, 100345
  779, 100779
  74, 100074
  1618, 101618
  1505, 101505
  2985, 102985
  2401, 102401
  603, 100603
  3654, 103654
  1484, 101484
  2342, 102342
  2815, 102815
  3857, 103857
  1990, 101990
  1769, 101769
  678, 100678
  3520, 103520
  1121, 101121
  2601, 102601
  3119, 103119
  3769, 103769
  3109, 103109
  1796, 101796
  3522, 103522
  2449, 102449
  3661, 103661
  878, 100878
  1764, 101764
  339, 100339
  3850, 103850
  2375, 102375
  862, 100862
  2625, 102625
  2227, 102227
  2017, 102017
  3031, 103031
  139, 100139
  255, 100255
  1376, 101376
  3043, 103043
  1401, 101401
  1171, 101171
  3375, 103375
  1695, 101695
  533, 100533
  3738, 103738
  2574, 102574
  864, 100864
  1239, 101239
  1870, 101870
  3648, 103648
  2697, 102697
  3774, 103774
  732, 100732
  3970, 103970
  1403, 101403
  2479, 102479
  2006, 102006
  475, 100475
  102, 100102
  1041, 101041
  1279, 101279
  1899, 101899
  1913, 101913
  651, 100651
  2838, 102838
  2842, 102842
  3717, 103717
  3799, 103799
  2362, 102362
  613, 100613
  1144, 101144
  1193, 101193
  1725, 101725
  312, 100312
  2168, 102168
  1085, 101085
  234, 100234
  1433, 101433
  3582, 103582
  3458, 103458
  2258, 102258
  2867, 102867
  94, 100094
  1884, 101884
  2578, 102578
  3285, 103285
  2770, 102770
  2018, 102018
  3243, 103243
  1213, 101213
  3415, 103415
  1309, 101309
  3650, 103650
  1323, 101323
  257, 100257
  2056, 102056
  1379, 101379
  350, 100350
  3111, 103111
  2826, 102826
  2703, 102703
  1963, 101963
  3543, 103543
  2885, 102885
  1632, 101632
  2759, 102759
  719, 100719
  2266, 102266
  627, 100627
  3905, 103905
  2403, 102403
  3422, 103422
  1630, 101630
  1639, 101639
  2055, 102055
  810, 100810
  2862, 102862
  190, 100190
  373, 100373
  2607, 102607
  3959, 103959
  2030, 102030
  2917, 102917
  3793, 103793
  2467, 102467
  743, 100743
  2256, 102256
  3938, 103938
  1940, 101940
  3394, 103394
  427, 100427
  3120, 103120
  2302, 102302
  206, 100206
  3796, 103796
  2292, 102292
  2321, 102321
  1418, 101418
  868, 100868
  989, 100989
  858, 100858
  1635, 101635
  2738, 102738
  2768, 102768
  1636, 101636
  714, 100714
  1358, 101358
  2062, 102062
  442, 100442
  1985, 101985
  1731, 101731
  388, 100388
  3373, 103373
  1754, 101754
  3200, 103200
  3834, 103834
  3014, 103014
  638, 100638
  1280, 101280
  3453, 103453
  1326, 101326
  2772, 102772
  1204, 101204
  1427, 101427
  2512, 102512
  1080, 101080
  1414, 101414
  5, 100005
  2609, 102609
  2717, 102717
  1182, 101182
  344, 100344
  91, 100091
  786, 100786
  338, 100338
  2468, 102468
  490, 100490
  2345, 102345
  1151, 101151
  3207, 103207
  2858, 102858
  89, 100089
  1629, 101629
  3550, 103550
  19, 100019
  2257, 102257
  2172, 102172
  2001, 102001
  2718, 102718
  758, 100758
  1227, 101227
  3259, 103259
  192, 100192
  2275, 102275
  1175, 101175
  2098, 102098
  824, 100824
  1198, 101198
  3620, 103620
  3395, 103395
  3003, 103003
  2998, 102998
  1888, 101888
  2814, 102814
  2000, 102000
  3097, 103097
  3534, 103534
  1552, 101552
  1548, 101548
  1589, 101589
  2228, 102228
  1225, 101225
  1292, 101292
  1858, 101858
  1194, 101194
  1087, 101087
  3997, 103997
  551, 100551
  417, 100417
  3348, 103348
  446, 100446
  3057, 103057
  56, 100056
  2611, 102611
  2586, 102586
  748, 100748
  2918, 102918
  2083, 102083
  513, 100513
  1220, 101220
  1511, 101511
  178, 100178
  394, 100394
  1616, 101616
  2349, 102349
  2138, 102138
  842, 100842
  3739, 103739
  428, 100428
  3899, 103899
  1374, 101374
  1458, 101458
  229, 100229
  2541, 102541
  1402, 101402
  2093, 102093
  2136, 102136
  2677, 102677
  2773, 102773
  1249, 101249
  1409, 101409
  1590, 101590
  14, 100014
  1074, 101074
  966, 100966
  2507, 102507
  1294, 101294
  433, 100433
  266, 100266
  1308, 101308
  1840, 101840
  1809, 101809
  792, 100792
  2835, 102835
  2748, 102748
  3470, 103470
  329, 100329
  1011, 101011
  2659, 102659
  1067, 101067
  545, 100545
  188, 100188
  3507, 103507
  3993, 103993
  1461, 101461
  1868, 101868
  98, 100098
  2351, 102351
  1530, 101530
  1566, 101566
  2170, 102170
  2177, 102177
  317, 100317
  1575, 101575
  1274, 101274
  217, 100217
  3814, 103814
  843, 100843
  2667, 102667
  3883, 103883
  3272, 103272
  283, 100283
  2606, 102606
  3305, 103305
  1453, 101453
  2047, 102047
  2724, 102724
  2415, 102415
  2466, 102466
  1951, 101951
  1416, 101416
  311, 100311
  601, 100601
  1466, 101466
  774, 100774
  322, 100322
  3401, 103401
  3852, 103852
  2400, 102400
  2025, 102025
  260, 100260
  1186, 101186
  2424, 102424
  2949, 102949
  110, 100110
  113, 100113
  127, 100127
  2102, 102102
  1051, 101051
  3890, 103890
  2714, 102714
  2160, 102160
  696, 100696
  1943, 101943
  2934, 102934
  316, 100316
  2839, 102839
  3798, 103798
  2194, 102194
  658, 100658
  3995, 103995
  3999, 103999
  3746, 103746
  2475, 102475
  2994, 102994
  97, 100097
  1056, 101056
  12, 100012
  3569, 103569
  3635, 103635
  1070, 101070
  1801, 101801
  1682, 101682
  759, 100759
  2196, 102196
  737, 100737
  2139, 102139
  2035, 102035
  2451, 102451
  1612, 101612
  1008, 101008
  3442, 103442
  2111, 102111
  3027, 103027
  3989, 103989
  3983, 103983
  1192, 101192
  1423, 101423
  1187, 101187
  3343, 103343
  3203, 103203
  2798, 102798
  1012, 101012
  641, 100641
  1303, 101303
  2602, 102602
  1562, 101562
  3296, 103296
  2113, 102113
  3376, 103376
  502, 100502
  3817, 103817
  288, 100288
  3225, 103225
  2562, 102562
  3068, 103068
  2312, 102312
  2124, 102124
  1966, 101966
  3308, 103308
  1170, 101170
  2477, 102477
  3069, 103069
  1219, 101219
  811, 100811
  2329, 102329
  1971, 101971
  913, 100913
  2224, 102224
  31, 100031
  1687, 101687
  3891, 103891
  3360, 103360
  1620, 101620
  1699, 101699
  1955, 101955
  83, 100083
  2922, 102922
  3460, 103460
  186, 100186
  534, 100534
  3226, 103226
  793, 100793
  1390, 101390
  2906, 102906
  1119, 101119
  3664, 103664
  1440, 101440
  1783, 101783
  1753, 101753
  626, 100626
  2314, 102314
  273, 100273
  3030, 103030
  3627, 103627
  773, 100773
  1765, 101765
  3336, 103336
  2939, 102939
  1973, 101973
  1541, 101541
  1974, 101974
  716, 100716
  3489, 103489
  2802, 102802
  986, 100986
  505, 100505
  2226, 102226
  1462, 101462
  817, 100817
  2531, 102531
  2185, 102185
  669, 100669
  1506, 101506
  577, 100577
  3745, 103745
  1833, 101833
  3079, 103079
  2650, 102650
  3133, 103133
  2801, 102801
  3073, 103073
  1492, 101492
  1646, 101646
  1394, 101394
  1849, 101849
  1302, 101302
  2270, 102270
  3864, 103864
  2786, 102786
  976, 100976
  2953, 102953
  2894, 102894
  1038, 101038
  1876, 101876
  2192, 102192
  2110, 102110
  2295, 102295
  1745, 101745
  244, 100244
  1784, 101784
  2680, 102680
  2029, 102029
  1825, 101825
  2871, 102871
  2813, 102813
  2973, 102973
  1298, 101298
  2688, 102688
  3201, 103201
  550, 100550
  3787, 103787
  340, 100340
  3154, 103154
  1240, 101240
  3122, 103122
  3182, 103182
  3355, 103355
  3271, 103271
  1927, 101927
  3256, 103256
  1410, 101410
  972, 100972
  2417, 102417
  1821, 101821
  3759, 103759
  1176, 101176
  28, 100028
  1544, 101544
  282, 100282
  1293, 101293
  3357, 103357
  421, 100421
  2313, 102313
  1619, 101619
  1897, 101897
  1026, 101026
  1485, 101485
  2492, 102492
  1660, 101660
  3006, 103006
  1057, 101057
  2128, 102128
  3587, 103587
  2634, 102634
  1422, 101422
  407, 100407
  957, 100957
  1421, 101421
  1021, 101021
  1001, 101001
  431, 100431
  1751, 101751
  347, 100347
  368, 100368
  20, 100020
  1444, 101444
  1763, 101763
  1148, 101148
  936, 100936
  212, 100212
  690, 100690
  3867, 103867
  2121, 102121
  307, 100307
  150, 100150
  3884, 103884
  284, 100284
  1333, 101333
  1004, 101004
  1304, 101304
  1980, 101980
  2445, 102445
  3498, 103498
  1138, 101138
  1253, 101253
  3365, 103365
  197, 100197
  3980, 103980
  3687, 103687
  2735, 102735
  2211, 102211
  2433, 102433
  1094, 101094
  835, 100835
  3310, 103310
  2490, 102490
  883, 100883
  1948, 101948
  516, 100516
  1977, 101977
  2941, 102941
  1536, 101536
  2560, 102560
  305, 100305
  680, 100680
  3892, 103892
  1474, 101474
  2779, 102779
  3229, 103229
  2898, 102898
  1131, 101131
  3623, 103623
  2663, 102663
  2277, 102277
  2745, 102745
  2623, 102623
  2502, 102502
  1976, 101976
  798, 100798
  247, 100247
  3922, 103922
  3647, 103647
  1044, 101044
  167, 100167
  3589, 103589
  671, 100671
  646, 100646
  1078, 101078
  2238, 102238
  3134, 103134
  2622, 102622
  1468, 101468
  1718, 101718
  2071, 102071
  2221, 102221
  411, 100411
  3105, 103105
  241, 100241
  1902, 101902
  2641, 102641
  1360, 101360
  1242, 101242
  429, 100429
  1624, 101624
  1150, 101150
  1824, 101824
  1621, 101621
  3132, 103132
  33, 100033
  2534, 102534
  3554, 103554
  495, 100495
  2444, 102444
  1740, 101740
  3416, 103416
  2469, 102469
  899, 100899
  3218, 103218
  3250, 103250
  392, 100392
  2325, 102325
  2855, 102855
  3844, 103844
  849, 100849
  1300, 101300
  2761, 102761
  2193, 102193
  1881, 101881
  3940, 103940
  1811, 101811
  246, 100246
  3792, 103792
  13, 100013
  2552, 102552
  2339, 102339
  3910, 103910
  1252, 101252
  3863, 103863
  891, 100891
  2309, 102309
  3165, 103165
  1470, 101470
  1476, 101476
  2203, 102203
  3649, 103649
  2042, 102042
  2783, 102783
  2103, 102103
  3797, 103797
  3692, 103692
  3781, 103781
  3077, 103077
  1362, 101362
  3184, 103184
  3004, 103004
  1633, 101633
  1464, 101464
  3149, 103149
  2462, 102462
  2809, 102809
  285, 100285
  2955, 102955
  3238, 103238
  106, 100106
  2395, 102395
  963, 100963
  3559, 103559
  261, 100261
  2872, 102872
  3693, 103693
  2977, 102977
  580, 100580
  2219, 102219
  3667, 103667
  1277, 101277
  595, 100595
  4, 100004
  290, 100290
  389, 100389
  3598, 103598
  3125, 103125
  23, 100023
  3493, 103493
  3040, 103040
  1891, 101891
  3986, 103986
  1224, 101224
  2612, 102612
  419, 100419
  3359, 103359
  1905, 101905
  666, 100666
  1046, 101046
  1788, 101788
  3286, 103286
  2154, 102154
  3676, 103676
  1446, 101446
  3424, 103424
  2043, 102043
  1288, 101288
  3574, 103574
  803, 100803
  2041, 102041
  602, 100602
  319, 100319
  3542, 103542
  611, 100611
  596, 100596
  3462, 103462
  1357, 101357
  3909, 103909
  1276, 101276
  3025, 103025
  3847, 103847
  3363, 103363
  2884, 102884
  2305, 102305
  3205, 103205
  1944, 101944
  2868, 102868
  3946, 103946
  1174, 101174
  2296, 102296
  1713, 101713
  3697, 103697
  3049, 103049
  511, 100511
  362, 100362
  3698, 103698
  1133, 101133
  946, 100946
  644, 100644
  2052, 102052
  1785, 101785
  895, 100895
  1803, 101803
  1450, 101450
  2730, 102730
  149, 100149
  1549, 101549
  1177, 101177
  2655, 102655
  1983, 101983
  2370, 102370
  1848, 101848
  324, 100324
  2261, 102261
  3760, 103760
  3044, 103044
  1748, 101748
  2990, 102990
  3671, 103671
  375, 100375
  2259, 102259
  3039, 103039
  3516, 103516
  2664, 102664
  269, 100269
  2702, 102702
  2039, 102039
  2651, 102651
  657, 100657
  709, 100709
  1058, 101058
  461, 100461
  2044, 102044
  2157, 102157
  3529, 103529
  1716, 101716
  1250, 101250
  218, 100218
  2793, 102793
  2856, 102856
  53, 100053
  931, 100931
  112, 100112
  1773, 101773
  2950, 102950
  2925, 102925
  2391, 102391
  2366, 102366
  1588, 101588
  567, 100567
  1039, 101039
  1984, 101984
  111, 100111
  3432, 103432
  3934, 103934
  3418, 103418
  330, 100330
  2670, 102670
  668, 100668
  2610, 102610
  2431, 102431
  1852, 101852
  1024, 101024
  674, 100674
  2723, 102723
  922, 100922
  1807, 101807
  376, 100376
  3412, 103412
  337, 100337
  676, 100676
  1917, 101917
  1805, 101805
  464, 100464
  2731, 102731
  3313, 103313
  59, 100059
  3839, 103839
  248, 100248
  3314, 103314
  3423, 103423
  3872, 103872
  1023, 101023
  1301, 101301
  2972, 102972
  652, 100652
  3967, 103967
  2637, 102637
  2495, 102495
  357, 100357
  71, 100071
  3152, 103152
  2441, 102441
  3140, 103140
  794, 100794
  1073, 101073
  928, 100928
  1556, 101556
  688, 100688
  281, 100281
  1101, 101101
  3762, 103762
  576, 100576
  747, 100747
  1508, 101508
  2764, 102764
  1295, 101295
  700, 100700
  2997, 102997
  1559, 101559
  581, 100581
  1099, 101099
  480, 100480
  575, 100575
  3823, 103823
  2278, 102278
  1195, 101195
  2800, 102800
  3321, 103321
  3350, 103350
  1498, 101498
  2554, 102554
  271, 100271
  2986, 102986
  3163, 103163
  1338, 101338
  2582, 102582
  195, 100195
  634, 100634
  3197, 103197
  1306, 101306
  3514, 103514
  42, 100042
  1532, 101532
  148, 100148
  3535, 103535
  2357, 102357
  3151, 103151
  298, 100298
  1449, 101449
  1586, 101586
  3651, 103651
  683, 100683
  2214, 102214
  2248, 102248
  1747, 101747
  3056, 103056
  3216, 103216
  2457, 102457
  3791, 103791
  293, 100293
  2251, 102251
  1866, 101866
  3824, 103824
  1514, 101514
  2616, 102616
  304, 100304
  1149, 101149
  885, 100885
  2320, 102320
  2037, 102037
  1529, 101529
  839, 100839
  3734, 103734
  1248, 101248
  3033, 103033
  1387, 101387
  3779, 103779
  1768, 101768
  2803, 102803
  2749, 102749
  647, 100647
  2430, 102430
  41, 100041
  3420, 103420
  2422, 102422
  2672, 102672
  1968, 101968
  3253, 103253
  87, 100087
  3903, 103903
  3382, 103382
  3528, 103528
  3385, 103385
  3374, 103374
  3270, 103270
  2542, 102542
  2285, 102285
  861, 100861
  1992, 101992
  2051, 102051
  2002, 102002
  2353, 102353
  1789, 101789
  1256, 101256
  2260, 102260
  1924, 101924
  2109, 102109
  1842, 101842
  859, 100859
  1692, 101692
  1384, 101384
  37, 100037
  979, 100979
  3481, 103481
  2184, 102184
  265, 100265
  736, 100736
  1757, 101757
  2831, 102831
  3921, 103921
  1428, 101428
  524, 100524
  1775, 101775
  3637, 103637
  1958, 101958
  734, 100734
  623, 100623
  2558, 102558
  1903, 101903
  2306, 102306
  443, 100443
  2373, 102373
  1111, 101111
  2808, 102808
  2563, 102563
  2497, 102497
  3945, 103945
  363, 100363
  2460, 102460
  853, 100853
  114, 100114
  364, 100364
  2722, 102722
  1271, 101271
  3206, 103206
  160, 100160
  3329, 103329
  1136, 101136
  1644, 101644
  2684, 102684
  2590, 102590
  2987, 102987
  1257, 101257
  1424, 101424
  995, 100995
  1689, 101689
  2126, 102126
  2926, 102926
  361, 100361
  2725, 102725
  3295, 103295
  3160, 103160
  882, 100882
  3976, 103976
  1741, 101741
  2829, 102829
  2530, 102530
  1895, 101895
  75, 100075
  1920, 101920
  2428, 102428
  3630, 103630
  1770, 101770
  1027, 101027
  3483, 103483
  3508, 103508
  992, 100992
  64, 100064
  530, 100530
  1355, 101355
  3312, 103312
  2726, 102726
  3244, 103244
  309, 100309
  1922, 101922
  1507, 101507
  2863, 102863
  1017, 101017
  1693, 101693
  3233, 103233
  1246, 101246
  262, 100262
  1744, 101744
  3503, 103503
  3703, 103703
  425, 100425
  1386, 101386
  1328, 101328
  2536, 102536
  1324, 101324
  2476, 102476
  1587, 101587
  1697, 101697
  870, 100870
  2899, 102899
  2913, 102913
  1561, 101561
  2040, 102040
  1287, 101287
  553, 100553
  3923, 103923
  916, 100916
  940, 100940
  2142, 102142
  2072, 102072
  2310, 102310
  1348, 101348
  780, 100780
  1447, 101447
  3913, 103913
  2821, 102821
  39, 100039
  952, 100952
  1916, 101916
  1594, 101594
  1393, 101393
  3428, 103428
  3729, 103729
  3978, 103978
  292, 100292
  2220, 102220
  1861, 101861
  80, 100080
  1031, 101031
  1623, 101623
  2921, 102921
  996, 100996
  838, 100838
  3170, 103170
  1560, 101560
  3641, 103641
  1585, 101585
  52, 100052
  351, 100351
  2263, 102263
  640, 100640
  3924, 103924
  1237, 101237
  2438, 102438
  1772, 101772
  2593, 102593
  2903, 102903
  1083, 101083
  422, 100422
  2383, 102383
  2833, 102833
  557, 100557
  320, 100320
  3194, 103194
  2771, 102771
  2236, 102236
  3361, 103361
  2382, 102382
  484, 100484
  1853, 101853
  2818, 102818
  3488, 103488
  2065, 102065
  286, 100286
  3413, 103413
  1962, 101962
  1727, 101727
  3440, 103440
  458, 100458
  2584, 102584
  481, 100481
  768, 100768
  2452, 102452
  3457, 103457
  3747, 103747
  128, 100128
  196, 100196
  3380, 103380
  834, 100834
  1344, 101344
  2229, 102229
  1223, 101223
  1330, 101330
  1793, 101793
  3975, 103975
  686, 100686
  3447, 103447
  268, 100268
  2551, 102551
  1089, 101089
  1815, 101815
  3917, 103917
  341, 100341
  3597, 103597
  3430, 103430
  1607, 101607
  788, 100788
  3705, 103705
  850, 100850
  379, 100379
  287, 100287
  164, 100164
  3011, 103011
  3495, 103495
  3927, 103927
  2182, 102182
  1995, 101995
  3829, 103829
  722, 100722
  2876, 102876
  2488, 102488
  2517, 102517
  778, 100778
  1896, 101896
  1823, 101823
  765, 100765
  977, 100977
  757, 100757
  398, 100398
  622, 100622
  2404, 102404
  1567, 101567
  3433, 103433
  554, 100554
  2923, 102923
  3594, 103594
  1059, 101059
  3902, 103902
  1739, 101739
  2073, 102073
  1371, 101371
  386, 100386
  2943, 102943
  3354, 103354
  739, 100739
  1525, 101525
  1688, 101688
  3143, 103143
  65, 100065
  335, 100335
  395, 100395
  2442, 102442
  776, 100776
  3780, 103780
  328, 100328
  2367, 102367
  2687, 102687
  987, 100987
  2425, 102425
  2698, 102698
  2032, 102032
  242, 100242
  2608, 102608
  185, 100185
  2577, 102577
  1126, 101126
  1395, 101395
  3730, 103730
  1613, 101613
  372, 100372
  3775, 103775
  2209, 102209
  2045, 102045
  1766, 101766
  3941, 103941
  1188, 101188
  2150, 102150
  1684, 101684
  3082, 103082
  2592, 102592
  136, 100136
  2555, 102555
  847, 100847
  3777, 103777
  2686, 102686
  2298, 102298
  1515, 101515
  1420, 101420
  1037, 101037
  3114, 103114
  998, 100998
  3537, 103537
  3050, 103050
  544, 100544
  2350, 102350
  3948, 103948
  2048, 102048
  540, 100540
  1887, 101887
  1061, 101061
  3571, 103571
  3511, 103511
  463, 100463
  1685, 101685
  1715, 101715
  2287, 102287
  46, 100046
  2924, 102924
  818, 100818
  2865, 102865
  3595, 103595
  3129, 103129
  93, 100093
  3316, 103316
  3063, 103063
  3319, 103319
  3139, 103139
  276, 100276
  991, 100991
  3996, 103996
  3638, 103638
  685, 100685
  3349, 103349
  2100, 102100
  857, 100857
  2844, 102844
  1702, 101702
  2338, 102338
  2594, 102594
  3490, 103490
  2419, 102419
  3887, 103887
  3046, 103046
  1327, 101327
  487, 100487
  930, 100930
  1843, 101843
  3283, 103283
  813, 100813
  2231, 102231
  123, 100123
  3870, 103870
  2589, 102589
  448, 100448
  1299, 101299
  1677, 101677
  2575, 102575
  517, 100517
  223, 100223
  578, 100578
  3521, 103521
  451, 100451
  25, 100025
  303, 100303
  2991, 102991
  3192, 103192
  3095, 103095
  134, 100134
  3267, 103267
  3174, 103174
  984, 100984
  459, 100459
  1746, 101746
  1649, 101649
  2882, 102882
  493, 100493
  1197, 101197
  142, 100142
  3276, 103276
  620, 100620
  1145, 101145
  2448, 102448
  3333, 103333
  3556, 103556
  2034, 102034
  2812, 102812
  1892, 101892
  639, 100639
  499, 100499
  949, 100949
  1191, 101191
  3367, 103367
  3131, 103131
  3499, 103499
  2515, 102515
  2700, 102700
  1025, 101025
  826, 100826
  625, 100625
  1214, 101214
  408, 100408
  1488, 101488
  1316, 101316
  1426, 101426
  1510, 101510
  2162, 102162
  3982, 103982
  437, 100437
  1, 100001
  3356, 103356
  2660, 102660
  526, 100526
  1489, 101489
  1158, 101158
  612, 100612
  3723, 103723
  3719, 103719
  692, 100692
  2197, 102197
  1117, 101117
  2173, 102173
  973, 100973
  2646, 102646
  982, 100982
  3181, 103181
  2426, 102426
  3042, 103042
  1880, 101880
  1235, 101235
  501, 100501
  1631, 101631
  478, 100478
  104, 100104
  2753, 102753
  2732, 102732
  1419, 101419
  1999, 101999
  1981, 101981
  887, 100887
  726, 100726
  2604, 102604
  250, 100250
  2810, 102810
  1081, 101081
  914, 100914
  462, 100462
  2440, 102440
  3291, 103291
  1139, 101139
  3330, 103330
  2931, 102931
  1296, 101296
  3646, 103646
  118, 100118
  296, 100296
  2693, 102693
  3219, 103219
  3158, 103158
  249, 100249
  3964, 103964
  1467, 101467
  3101, 103101
  873, 100873
  3764, 103764
  3235, 103235
  1533, 101533
  742, 100742
  3854, 103854
  280, 100280
  3592, 103592
  1908, 101908
  2550, 102550
  3505, 103505
  486, 100486
  1839, 101839
  3868, 103868
  1260, 101260
  3956, 103956
  1993, 101993
  70, 100070
  956, 100956
  830, 100830
  3715, 103715
  1003, 101003
  2859, 102859
  822, 100822
  2290, 102290
  1709, 101709
  3660, 103660
  1555, 101555
  1700, 101700
  1325, 101325
  2115, 102115
  589, 100589
  2053, 102053
  2689, 102689
  2627, 102627
  88, 100088
  2795, 102795
  691, 100691
  3663, 103663
  3417, 103417
  1543, 101543
  3699, 103699
  6, 100006
  1928, 101928
  2782, 102782
  1477, 101477
  2135, 102135
  3942, 103942
  2106, 102106
  3861, 103861
  3273, 103273
  2673, 102673
  1079, 101079
  2264, 102264
  1438, 101438
  3391, 103391
  3580, 103580
  3920, 103920
  1236, 101236
  3500, 103500
  721, 100721
  697, 100697
  1626, 101626
  2222, 102222
  1068, 101068
  935, 100935
  1329, 101329
  1678, 101678
  3851, 103851
  189, 100189
  3579, 103579
  1860, 101860
  1215, 101215
  1661, 101661
  1266, 101266
  3078, 103078
  1209, 101209
  1013, 101013
  1408, 101408
  1459, 101459
  994, 100994
  750, 100750
  3202, 103202
  3048, 103048
  2180, 102180
  3696, 103696
  327, 100327
  2845, 102845
  1123, 101123
  2474, 102474
  3632, 103632
  1841, 101841
  3178, 103178
  253, 100253
  599, 100599
  3262, 103262
  2579, 102579
  1162, 101162
  2970, 102970
  2572, 102572
  2804, 102804
  1481, 101481
  1091, 101091
  3733, 103733
  1378, 101378
  213, 100213
  2028, 102028
  3523, 103523
  1828, 101828
  2175, 102175
  2729, 102729
  45, 100045
  365, 100365
  568, 100568
  944, 100944
  3727, 103727
  3737, 103737
  124, 100124
  2242, 102242
  2662, 102662
  907, 100907
  2952, 102952
  3439, 103439
  3061, 103061
  2294, 102294
  1817, 101817
  2330, 102330
  1270, 101270
  2657, 102657
  3242, 103242
  645, 100645
  3855, 103855
  1579, 101579
  479, 100479
  951, 100951
  211, 100211
  1398, 101398
  3877, 103877
  3862, 103862
  2067, 102067
  210, 100210
  3803, 103803
  3881, 103881
  3179, 103179
  2526, 102526
  993, 100993
  3397, 103397
  3683, 103683
  1115, 101115
  2767, 102767
  2755, 102755
  3381, 103381
  1680, 101680
  2408, 102408
  2546, 102546
  321, 100321
  1642, 101642
  746, 100746
  454, 100454
  905, 100905
  2165, 102165
  3026, 103026
  2011, 102011
  219, 100219
  3916, 103916
  869, 100869
  138, 100138
  3092, 103092
  3352, 103352
  3894, 103894
  2830, 102830
  2163, 102163
  3794, 103794
  2299, 102299
  764, 100764
  854, 100854
  101, 100101
  852, 100852
  400, 100400
  1939, 101939
  455, 100455
  1885, 101885
  2283, 102283
  116, 100116
  251, 100251
  660, 100660
  1268, 101268
  2412, 102412
  618, 100618
  236, 100236
  2935, 102935
  659, 100659
  3564, 103564
  1813, 101813
  1614, 101614
  3848, 103848
  2685, 102685
  1241, 101241
  153, 100153
  3010, 103010
  3294, 103294
  3456, 103456
  1228, 101228
  2233, 102233
  918, 100918
  703, 100703
  2361, 102361
  1717, 101717
  2070, 102070
  865, 100865
  3565, 103565
  3258, 103258
  225, 100225
  881, 100881
  2533, 102533
  456, 100456
  3653, 103653
  981, 100981
  157, 100157
  3644, 103644
  358, 100358
  1411, 101411
  166, 100166
  2983, 102983
  2049, 102049
  3199, 103199
  2598, 102598
  1430, 101430
  1898, 101898
  492, 100492
  1441, 101441
  831, 100831
  2553, 102553
  2909, 102909
  3736, 103736
  239, 100239
  3177, 103177
  1443, 101443
  1710, 101710
  3148, 103148
  2532, 102532
  1383, 101383
  1116, 101116
  3716, 103716
  1800, 101800
  735, 100735
  2992, 102992
  3707, 103707
  1442, 101442
  2489, 102489
  2179, 102179
  1519, 101519
  3749, 103749
  894, 100894
  1281, 101281
  3702, 103702
  1164, 101164
  514, 100514
  1538, 101538
  877, 100877
  681, 100681
  2491, 102491
  2008, 102008
  3110, 103110
  1668, 101668
  3840, 103840
  2819, 102819
  1708, 101708
  2942, 102942
  2394, 102394
  1318, 101318
  809, 100809
  1558, 101558
  1774, 101774
  2132, 102132
  3032, 103032
  893, 100893
  1178, 101178
  436, 100436
  496, 100496
  2022, 102022
  399, 100399
  3118, 103118
  3961, 103961
  3364, 103364
  3438, 103438
  172, 100172
  3515, 103515
  1724, 101724
  2291, 102291
  954, 100954
  2027, 102027
  2358, 102358
  3578, 103578
  3722, 103722
  1206, 101206
  3928, 103928
  2645, 102645
  3669, 103669
  3093, 103093
  3827, 103827
  1521, 101521
  608, 100608
  450, 100450
  3825, 103825
  3222, 103222
  3468, 103468
  1095, 101095
  1712, 101712
  2910, 102910
  1497, 101497
  3060, 103060
  2461, 102461
  2957, 102957
  997, 100997
  1584, 101584
  444, 100444
  1479, 101479
  2617, 102617
  3826, 103826
  628, 100628
  1499, 101499
  761, 100761
  2156, 102156
  3714, 103714
  3625, 103625
  2816, 102816
  2116, 102116
  2811, 102811
  999, 100999
  3002, 103002
  3012, 103012
  3585, 103585
  1254, 101254
  2776, 102776
  1155, 101155
  632, 100632
  3156, 103156
  2205, 102205
  572, 100572
  2880, 102880
  3239, 103239
  2340, 102340
  2543, 102543
  2407, 102407
  2527, 102527
  2665, 102665
  1368, 101368
  3933, 103933
  2635, 102635
  343, 100343
  1874, 101874
  3067, 103067
  3414, 103414
  3327, 103327
  3230, 103230
  3215, 103215
  3828, 103828
  1719, 101719
  3712, 103712
  1658, 101658
  3510, 103510
  1831, 101831
  2364, 102364
  1942, 101942
  3431, 103431
  69, 100069
  1802, 101802
  1120, 101120
  3186, 103186
  1102, 101102
  460, 100460
  3694, 103694
  1353, 101353
  3007, 103007
  3263, 103263
  2204, 102204
  159, 100159
  556, 100556
  929, 100929
  3130, 103130
  1222, 101222
  2712, 102712
  807, 100807
  3570, 103570
  3471, 103471
  1953, 101953
  1611, 101611
  2360, 102360
  3731, 103731
  3221, 103221
  3098, 103098
  1352, 101352
  182, 100182
  61, 100061
  2741, 102741
  1434, 101434
  2031, 102031
  515, 100515
  1389, 101389
  588, 100588
  3268, 103268
  2319, 102319
  226, 100226
  367, 100367
  1674, 101674
  2416, 102416
  299, 100299
  3758, 103758
  2727, 102727
  3502, 103502
  92, 100092
  3287, 103287
  1152, 101152
  2570, 102570
  3808, 103808
  1284, 101284
  3261, 103261
  783, 100783
  2024, 102024
  3185, 103185
  2289, 102289
  3675, 103675
  3290, 103290
  3491, 103491
  2201, 102201
  452, 100452
  2058, 102058
  1756, 101756
  3450, 103450
  1088, 101088
  3429, 103429
  1758, 101758
  3041, 103041
  1599, 101599
  412, 100412
  3990, 103990
  541, 100541
  2218, 102218
  3670, 103670
  1781, 101781
  300, 100300
  3547, 103547
  2409, 102409
  401, 100401
  1029, 101029
  3127, 103127
  3419, 103419
  50, 100050
  1818, 101818
  3100, 103100
  3368, 103368
  1437, 101437
  1064, 101064
  3726, 103726
  79, 100079
  836, 100836
  3688, 103688
  2080, 102080
  1340, 101340
  2421, 102421
  614, 100614
  900, 100900
  3449, 103449
  512, 100512
  1129, 101129
  2075, 102075
  3240, 103240
  3501, 103501
  2937, 102937
  2009, 102009
  2019, 102019
  2158, 102158
  2081, 102081
  3776, 103776
  2033, 102033
  3973, 103973
  1634, 101634
  3757, 103757
  2720, 102720
  3518, 103518
  3721, 103721
  3960, 103960
  3113, 103113
  587, 100587
  2988, 102988
  3575, 103575
  1945, 101945
  183, 100183
  975, 100975
  165, 100165
  2519, 102519
  802, 100802
  2012, 102012
  2807, 102807
  3545, 103545
  2050, 102050
  3837, 103837
  2763, 102763
  1714, 101714
  1183, 101183
  2796, 102796
  2708, 102708
  1071, 101071
  2333, 102333
  3655, 103655
  1082, 101082
  3307, 103307
  301, 100301
  3075, 103075
  1904, 101904
  3334, 103334
  2131, 102131
  1696, 101696
  1290, 101290
  193, 100193
  2824, 102824
  3497, 103497
  3573, 103573
  1914, 101914
  2721, 102721
  920, 100920
  2003, 102003
  1933, 101933
  3668, 103668
  2368, 102368
  1676, 101676
  3024, 103024
  3022, 103022
  3298, 103298
  908, 100908
  3767, 103767
  1217, 101217
  3435, 103435
  2892, 102892
  1359, 101359
  2483, 102483
  2092, 102092
  220, 100220
  1097, 101097
  2234, 102234
  243, 100243
  1704, 101704
  3812, 103812
  2473, 102473
  619, 100619
  2498, 102498
  1285, 101285
  3036, 103036
  3709, 103709
  3527, 103527
  2514, 102514
  2854, 102854
  964, 100964
  3237, 103237
  1406, 101406
  724, 100724
  1282, 101282
  3966, 103966
  2411, 102411
  405, 100405
  3548, 103548
  579, 100579
  2640, 102640
  3672, 103672
  1954, 101954
  1735, 101735
  2797, 102797
  1221, 101221
  2437, 102437
  3331, 103331
  1814, 101814
  473, 100473
  2343, 102343
  2217, 102217
  2089, 102089
  3885, 103885
  3617, 103617
  3873, 103873
  135, 100135
  2456, 102456
  1912, 101912
  423, 100423
  117, 100117
  1859, 101859
  1734, 101734
  950, 100950
  2286, 102286
  871, 100871
  289, 100289
  890, 100890
  2504, 102504
  2486, 102486
  403, 100403
  1218, 101218
  2200, 102200
  313, 100313
  1043, 101043
  2954, 102954
  1122, 101122
  2587, 102587
  2046, 102046
  875, 100875
  3246, 103246
  2886, 102886
  655, 100655
  2549, 102549
  3603, 103603
  3588, 103588
  2176, 102176
  3629, 103629
  1105, 101105
  3228, 103228
  3621, 103621
  3802, 103802
  1938, 101938
  1118, 101118
  1272, 101272
  3085, 103085
  2644, 102644
  2948, 102948
  2151, 102151
  2692, 102692
  3504, 103504
  2521, 102521
  1457, 101457
  3094, 103094
  1233, 101233
  2653, 102653
  2569, 102569
  586, 100586
  1234, 101234
  1349, 101349
  2225, 102225
  2850, 102850
  3344, 103344
  2059, 102059
  2463, 102463
  1373, 101373
  3929, 103929
  1035, 101035
  1606, 101606
  2385, 102385
  3918, 103918
  221, 100221
  720, 100720
  385, 100385
  2119, 102119
  3512, 103512
  570, 100570
  924, 100924
  3260, 103260
  3789, 103789
  1637, 101637
  610, 100610
  1160, 101160
  3932, 103932
  2198, 102198
  711, 100711
  3328, 103328
  3476, 103476
  2166, 102166
  2125, 102125
  3813, 103813
  147, 100147
  3858, 103858
  3807, 103807
  729, 100729
  175, 100175
  2756, 102756
  1520, 101520
  3761, 103761
  3135, 103135
  2235, 102235
  1542, 101542
  3102, 103102
  2938, 102938
  2472, 102472
  3700, 103700
  805, 100805
  3591, 103591
  3538, 103538
  1347, 101347
  170, 100170
  1964, 101964
  2117, 102117
  2806, 102806
  1989, 101989
  2869, 102869
  2390, 102390
  1132, 101132
  274, 100274
  1910, 101910
  208, 100208
  2245, 102245
  2639, 102639
  353, 100353
  238, 100238
  1432, 101432
  3628, 103628
  665, 100665
  349, 100349
  3568, 103568
  402, 100402
  2099, 102099
  2464, 102464
  115, 100115
  3475, 103475
  2857, 102857
  1157, 101157
  2272, 102272
  2523, 102523
  886, 100886
  1535, 101535
  3849, 103849
  1100, 101100
  3563, 103563
  169, 100169
  1761, 101761
  3657, 103657
  3224, 103224
  1901, 101901
  531, 100531
  2932, 102932
  2561, 102561
  2967, 102967
  2853, 102853
  3944, 103944
  565, 100565
  2978, 102978
  381, 100381
  2237, 102237
  1681, 101681
  3939, 103939
  823, 100823
  663, 100663
  66, 100066
  2371, 102371
  2206, 102206
  3845, 103845
  3541, 103541
  1832, 101832
  2079, 102079
  1837, 101837
  418, 100418
  2026, 102026
  3949, 103949
  3212, 103212
  2174, 102174
  2178, 102178
  3407, 103407
  3427, 103427
  3906, 103906
  3362, 103362
  1906, 101906
  2061, 102061
  1385, 101385
  1454, 101454
  1125, 101125
  1598, 101598
  2893, 102893
  2905, 102905
  58, 100058
  3115, 103115
  3021, 103021
  3590, 103590
  2528, 102528
  1791, 101791
  706, 100706
  3402, 103402
  2247, 102247
  2860, 102860
  919, 100919
  2191, 102191
  1134, 101134
  2377, 102377
  1370, 101370
  214, 100214
  1066, 101066
  1550, 101550
  1847, 101847
  3577, 103577
  3034, 103034
  2402, 102402
  527, 100527
  3809, 103809
  144, 100144
  3099, 103099
  222, 100222
  497, 100497
  3972, 103972
  1258, 101258
  941, 100941
  3257, 103257
  1596, 101596
  1010, 101010
  2900, 102900
  3691, 103691
  2281, 102281
  2966, 102966
  1564, 101564
  829, 100829
  2010, 102010
  1690, 101690
  3234, 103234
  3116, 103116
  3013, 103013
  2642, 102642
  769, 100769
  2510, 102510
  2243, 102243
  656, 100656
  2629, 102629
  2458, 102458
  3083, 103083
  2074, 102074
  825, 100825
  3089, 103089
  291, 100291
  3763, 103763
  1146, 101146
  374, 100374
  3600, 103600
  3301, 103301
  3908, 103908
  763, 100763
  2398, 102398
  3232, 103232
  3742, 103742
  1982, 101982
  2288, 102288
  173, 100173
  3162, 103162
  3198, 103198
  985, 100985
  897, 100897
  682, 100682
  3898, 103898
  1417, 101417
  3771, 103771
  1996, 101996
  1845, 101845
  3914, 103914
  507, 100507
  2239, 102239
  664, 100664
  1311, 101311
  2387, 102387
  3969, 103969
  1705, 101705
  649, 100649
  3506, 103506
  2267, 102267
  749, 100749
  520, 100520
  439, 100439
  2316, 102316
  806, 100806
  2308, 102308
  3405, 103405
  2300, 102300
  1435, 101435
  3104, 103104
  1838, 101838
  336, 100336
  132, 100132
  1048, 101048
  474, 100474
  3888, 103888
  1009, 101009
  3387, 103387
  3609, 103609
  3735, 103735
  2883, 102883
  32, 100032
  3831, 103831
  2188, 102188
  1959, 101959
  7, 100007
  898, 100898
  525, 100525
  2743, 102743
  1988, 101988
  256, 100256
  561, 100561
  1167, 101167
  1313, 101313
  2890, 102890
  2459, 102459
  1568, 101568
  346, 100346
  1640, 101640
  3953, 103953
  1941, 101941
  3605, 103605
  1609, 101609
  2363, 102363
  3217, 103217
  2443, 102443
  1797, 101797
  3304, 103304
  1812, 101812
  591, 100591
  3166, 103166
  1835, 101835
  2439, 102439
  635, 100635
  1827, 101827
  3472, 103472
  1918, 101918
  740, 100740
  1671, 101671
  3893, 103893
  708, 100708
  3306, 103306
  3805, 103805
  2223, 102223
  3612, 103612
  3952, 103952
  3601, 103601
  712, 100712
  3444, 103444
  3195, 103195
  2007, 102007
  3633, 103633
  3325, 103325
  1190, 101190
  573, 100573
  3604, 103604
  1662, 101662
  416, 100416
  3220, 103220
  2678, 102678
  2963, 102963
  2908, 102908
  2147, 102147
  2713, 102713
  1683, 101683
  756, 100756
  3519, 103519
  2252, 102252
  2870, 102870
  3784, 103784
  2699, 102699
  263, 100263
  3947, 103947
  3017, 103017
  3035, 103035
  879, 100879
  3484, 103484
  889, 100889
  1743, 101743
  483, 100483
  2981, 102981
  3743, 103743
  1857, 101857
  1312, 101312
  3680, 103680
  1534, 101534
  1844, 101844
  1436, 101436
  1065, 101065
  2318, 102318
  2480, 102480
  3614, 103614
  1382, 101382
  1092, 101092
  677, 100677
  235, 100235
  2843, 102843
  2076, 102076
  2681, 102681
  3347, 103347
  925, 100925
  670, 100670
  2376, 102376
  1337, 101337
  1856, 101856
  1452, 101452
  3773, 103773
  1465, 101465
  909, 100909
  1098, 101098
  2414, 102414
  2696, 102696
  3213, 103213
  158, 100158
  2979, 102979
  1500, 101500
  3161, 103161
  744, 100744
  828, 100828
  904, 100904
  100, 100100
  3549, 103549
  2434, 102434
  1867, 101867
  1698, 101698
  2960, 102960
  3561, 103561
  3411, 103411
  3378, 103378
  1243, 101243
  1238, 101238
  3912, 103912
  782, 100782
  585, 100585
  607, 100607
  3836, 103836
  2916, 102916
  3830, 103830
  3919, 103919
  1930, 101930
  489, 100489
  3790, 103790
  934, 100934
  3255, 103255
  119, 100119
  2944, 102944
  1994, 101994
  1244, 101244
  2751, 102751
  1512, 101512
  3816, 103816
  1591, 101591
  1787, 101787
  3293, 103293
  2334, 102334
  2750, 102750
  1537, 101537
  3958, 103958
  2280, 102280
  2379, 102379
  1503, 101503
  3636, 103636
  1375, 101375
  2524, 102524
  2397, 102397
  2336, 102336
  1871, 101871
  3208, 103208
  1581, 101581
  449, 100449
  604, 100604
  2682, 102682
  3371, 103371
  3558, 103558
  2929, 102929
  3264, 103264
  2269, 102269
  2378, 102378
  3832, 103832
  438, 100438
  2365, 102365
  2788, 102788
  3988, 103988
  3639, 103639
  2852, 102852
  3634, 103634
  3070, 103070
  760, 100760
  1986, 101986
  1647, 101647
  1317, 101317
  3303, 103303
  1265, 101265
  528, 100528
  1168, 101168
  2513, 102513
  3392, 103392
  3652, 103652
  866, 100866
  1321, 101321
  1460, 101460
  2613, 102613
  48, 100048
  1855, 101855
  833, 100833
  1496, 101496
  1786, 101786
  955, 100955
  3740, 103740
  2, 100002
  3037, 103037
  1364, 101364
  3526, 103526
  1494, 101494
  3678, 103678
  648, 100648
  777, 100777
  1822, 101822
  3756, 103756
  3879, 103879
  3843, 103843
  1946, 101946
  3838, 103838
  187, 100187
  2873, 102873
  333, 100333
  254, 100254
  958, 100958
  3701, 103701
  679, 100679
  555, 100555
  3455, 103455
  2207, 102207
  332, 100332
  911, 100911
  3659, 103659
  278, 100278
  592, 100592
  820, 100820
  532, 100532
  662, 100662
  3315, 103315
  2557, 102557
  1341, 101341
  772, 100772
  1907, 101907
  3128, 103128
  3058, 103058
  109, 100109
  1229, 101229
  3552, 103552
  2399, 102399
  1346, 101346
  932, 100932
  1103, 101103
  3103, 103103
  3209, 103209
  965, 100965
  2250, 102250
  1873, 101873
  980, 100980
  1654, 101654
  3560, 103560
  3950, 103950
  2511, 102511
  3690, 103690
  2478, 102478
  2912, 102912
  2676, 102676
  2780, 102780
  2496, 102496
  2975, 102975
  1659, 101659
  3788, 103788
  3856, 103856
  3096, 103096
  140, 100140
  509, 100509
  754, 100754
  3326, 103326
  275, 100275
  3187, 103187
  3992, 103992
  2094, 102094
  1114, 101114
  3911, 103911
  1069, 101069
  2630, 102630
  933, 100933
  1305, 101305
  1127, 101127
  3318, 103318
  771, 100771
  3266, 103266
  1076, 101076
  2737, 102737
  2968, 102968
  1877, 101877
  34, 100034
  3055, 103055
  1356, 101356
  609, 100609
  2649, 102649
  2535, 102535
  1711, 101711
  2583, 102583
  1638, 101638
  1601, 101601
  3822, 103822
  180, 100180
  845, 100845
  1397, 101397
  2146, 102146
  1863, 101863
  323, 100323
  1653, 101653
  969, 100969
  3674, 103674
  2005, 102005
  3901, 103901
  396, 100396
  1319, 101319
  2516, 102516
  2746, 102746
  2624, 102624
  701, 100701
  2454, 102454
  2208, 102208
  745, 100745
  11, 100011
  2832, 102832
  2643, 102643
  808, 100808
  3434, 103434
  710, 100710
  2153, 102153
  1415, 101415
  387, 100387
  2576, 102576
  1363, 101363
  2386, 102386
  1259, 101259
  2762, 102762
  598, 100598
  3425, 103425
  2337, 102337
  542, 100542
  204, 100204
  3477, 103477
  1396, 101396
  968, 100968
  2621, 102621
  1826, 101826
  410, 100410
  2636, 102636
  2901, 102901
  3081, 103081
  1577, 101577
  3732, 103732
  2038, 102038
  3393, 103393
  1707, 101707
  2728, 102728
  2825, 102825
  2326, 102326
  3770, 103770
  789, 100789
  672, 100672
  390, 100390
  631, 100631
  1603, 101603
  2993, 102993
  917, 100917
  383, 100383
  1310, 101310
  1501, 101501
  1969, 101969
  2675, 102675
  2591, 102591
  199, 100199
  3410, 103410
  1882, 101882
  2716, 102716
  3335, 103335
  2694, 102694
  1369, 101369
  1445, 101445
  1862, 101862
  988, 100988
  2965, 102965
  1072, 101072
  3451, 103451
  2418, 102418
  539, 100539
  26, 100026
  605, 100605
  1570, 101570
  983, 100983
  2082, 102082
  2805, 102805
  816, 100816
  636, 100636
  3907, 103907
  3377, 103377
  457, 100457
  2999, 102999
  371, 100371
  1615, 101615
  3245, 103245
  161, 100161
  1657, 101657
  2423, 102423
  1776, 101776
  1275, 101275
  2133, 102133
  3297, 103297
  2145, 102145
  1399, 101399
  3005, 103005
  1830, 101830
  1574, 101574
  2435, 102435
  2499, 102499
  1232, 101232
  122, 100122
  2054, 102054
  233, 100233
  2631, 102631
  3157, 103157
  441, 100441
  2902, 102902
  3008, 103008
  3124, 103124
  927, 100927
  3211, 103211
  3180, 103180
  675, 100675
  2765, 102765
  921, 100921
  1509, 101509
  1251, 101251
  1869, 101869
  2114, 102114
  3860, 103860
  1216, 101216
  1471, 101471
  2626, 102626
  1400, 101400
  2794, 102794
  3144, 103144
  2127, 102127
  2481, 102481
  633, 100633
  938, 100938
  1413, 101413
  1923, 101923
  1987, 101987
  1667, 101667
  1322, 101322
  1576, 101576
  3619, 103619
  3340, 103340
  1997, 101997
  3461, 103461
  547, 100547
  559, 100559
  3020, 103020
  510, 100510
  884, 100884
  2647, 102647
  574, 100574
  699, 100699
  1361, 101361
  466, 100466
  2279, 102279
  1018, 101018
  1412, 101412
  3544, 103544
  3345, 103345
  3403, 103403
  2253, 102253
  2354, 102354
  2529, 102529
  3684, 103684
  2085, 102085
  1006, 101006
  3241, 103241
  1142, 101142
  2711, 102711
  1483, 101483
  3616, 103616
  2940, 102940
  2122, 102122
  2719, 102719
  2141, 102141
  2183, 102183
  844, 100844
  2704, 102704
  384, 100384
  2947, 102947
  224, 100224
  414, 100414
  318, 100318
  202, 100202
  3153, 103153
  1334, 101334
  3642, 103642
  176, 100176
  3370, 103370
  2581, 102581
  1539, 101539
  1154, 101154
  1342, 101342
  2374, 102374
  3842, 103842
  549, 100549
  49, 100049
  108, 100108
  725, 100725
  848, 100848
  2525, 102525
  1367, 101367
  2396, 102396
  1351, 101351
  3351, 103351
  2995, 102995
  334, 100334
  2465, 102465
  3320, 103320
  2274, 102274
  3142, 103142
  543, 100543
  2958, 102958
  1055, 101055
  2323, 102323
  2778, 102778
  1093, 101093
  3706, 103706
  2849, 102849
  2120, 102120
  2254, 102254
  2596, 102596
  62, 100062
  2484, 102484
  15, 100015
  947, 100947
  3718, 103718
  16, 100016
  356, 100356
  2060, 102060
  1760, 101760
  2683, 102683
  3815, 103815
  1834, 101834
  2736, 102736
  1255, 101255
  506, 100506
  3810, 103810
  1331, 101331
  3288, 103288
  2980, 102980
  1478, 101478
  1886, 101886
  308, 100308
  3059, 103059
  1196, 101196
  30, 100030
  1179, 101179
  3464, 103464
  1147, 101147
  2181, 102181
  1673, 101673
  1729, 101729
  901, 100901
  3686, 103686
  3275, 103275
  2927, 102927
  294, 100294
  3943, 103943
  1189, 101189
  1915, 101915
  962, 100962
  1909, 101909
  3121, 103121
  3536, 103536
  3323, 103323
  1392, 101392
  2171, 102171
  693, 100693
  3071, 103071
  2671, 102671
  2548, 102548
  181, 100181
  2015, 102015
  72, 100072
  1798, 101798
  523, 100523
  1975, 101975
  3408, 103408
  297, 100297
  3108, 103108
  1979, 101979
  2734, 102734
  27, 100027
  1469, 101469
  1482, 101482
  3748, 103748
  1961, 101961
  3889, 103889
  1502, 101502
  2933, 102933
  3448, 103448
  3311, 103311
  892, 100892
  2432, 102432
  1672, 101672
  60, 100060
  2471, 102471
  1965, 101965
  1365, 101365
  2328, 102328
  2565, 102565
  3643, 103643
  1664, 101664
  1345, 101345
  43, 100043
  2230, 102230
  2332, 102332
  3398, 103398
  1651, 101651
  2895, 102895
  3269, 103269
  99, 100099
  518, 100518
  2341, 102341
  2215, 102215
  3106, 103106
  3047, 103047
  2392, 102392
  694, 100694
  1934, 101934
  2508, 102508
  1656, 101656
  1790, 101790
  453, 100453
  1925, 101925
  3820, 103820
  277, 100277
  2249, 102249
  2789, 102789
  2244, 102244
  2739, 102739
  1921, 101921
  1890, 101890
  3853, 103853
  2961, 102961
  3971, 103971
  310, 100310
  1645, 101645
  2754, 102754
  2347, 102347
  1531, 101531
  2453, 102453
  258, 100258
  267, 100267
  695, 100695
  707, 100707
  1049, 101049
  3065, 103065
  1180, 101180
  3123, 103123
  1929, 101929
  3925, 103925
  426, 100426
  3389, 103389
  629, 100629
  95, 100095
  3896, 103896
  2500, 102500
  3300, 103300
  3072, 103072
  3383, 103383
  1670, 101670
  3487, 103487
  82, 100082
  1706, 101706
  2273, 102273
  1455, 101455
  3396, 103396
  3204, 103204
  3765, 103765
  2822, 102822
  445, 100445
  191, 100191
  2123, 102123
  2864, 102864
  1090, 101090
  564, 100564
  3478, 103478
  1335, 101335
  2304, 102304
  1332, 101332
  2167, 102167
  3904, 103904
  733, 100733
  498, 100498
  2352, 102352
  3167, 103167
  3469, 103469
  476, 100476
  3400, 103400
  3446, 103446
  3015, 103015
  537, 100537
  522, 100522
  1153, 101153
  2140, 102140
  2976, 102976
  3818, 103818
  959, 100959
  1947, 101947
  3930, 103930
  359, 100359
  272, 100272
  1128, 101128
  888, 100888
  1522, 101522
  1733, 101733
  2632, 102632
  393, 100393
  1569, 101569
  1143, 101143
  360, 100360
  3280, 103280
  856, 100856
  1513, 101513
  2101, 102101
  1032, 101032
  129, 100129
  642, 100642
  3406, 103406
  1762, 101762
  1889, 101889
  1106, 101106
  912, 100912
  230, 100230
  2668, 102668
  2297, 102297
  2021, 102021
  2573, 102573
  1084, 101084
  3724, 103724
  1262, 101262
  3480, 103480
  3596, 103596
  3602, 103602
  2585, 102585
  1451, 101451
  615, 100615
  2232, 102232
  902, 100902
  2866, 102866
  3658, 103658
  1691, 101691
  880, 100880
  3530, 103530
  2740, 102740
  302, 100302
  1173, 101173
  1028, 101028
  3622, 103622
  3016, 103016
  3593, 103593
  3137, 103137
  3474, 103474
  207, 100207
  1778, 101778
  974, 100974
  3479, 103479
  3865, 103865
  2766, 102766
  1124, 101124
  1431, 101431
  1163, 101163
  348, 100348
  2066, 102066
  3524, 103524
  3189, 103189
  2615, 102615
  2568, 102568
  1108, 101108
  3281, 103281
  3279, 103279
  3107, 103107
  3366, 103366
  1991, 101991
  673, 100673
  3977, 103977
  2013, 102013
  3841, 103841
  503, 100503
  1752, 101752
  3338, 103338
  2556, 102556
  1052, 101052
  3145, 103145
  73, 100073
  331, 100331
  1721, 101721
  1554, 101554
  84, 100084
  667, 100667
  3274, 103274
  2518, 102518
  315, 100315
  1602, 101602
  90, 100090
  1042, 101042
  3819, 103819
  775, 100775
  2112, 102112
  1875, 101875
  1486, 101486
  2936, 102936
  781, 100781
  198, 100198
  137, 100137
  44, 100044
  3768, 103768
  2195, 102195
  1728, 101728
  1264, 101264
  2276, 102276
  1998, 101998
  3551, 103551
  1655, 101655
  2784, 102784
  795, 100795
  177, 100177
  2315, 102315
  3159, 103159
  1625, 101625
  978, 100978
  3581, 103581
  1212, 101212
  1203, 101203
  2393, 102393
  1936, 101936
  3191, 103191
  201, 100201
  1388, 101388
  1583, 101583
  876, 100876
  3346, 103346
  2989, 102989
  926, 100926
  1935, 101935
  424, 100424
  2095, 102095
  3866, 103866
  279, 100279
  1060, 101060
  2638, 102638
  3084, 103084
  1504, 101504
  1002, 101002
  915, 100915
  2597, 102597
  1473, 101473
  791, 100791
  2648, 102648
  804, 100804
  432, 100432
  35, 100035
  1516, 101516
  404, 100404
  3324, 103324
  2964, 102964
  906, 100906
  558, 100558
  593, 100593
  1047, 101047
  2705, 102705
  2344, 102344
  3608, 103608
  3900, 103900
  1159, 101159
  2633, 102633
  1283, 101283
  2701, 102701
  1245, 101245
  1782, 101782
  1779, 101779
  215, 100215
  2255, 102255
  1573, 101573
  1952, 101952
  3409, 103409
  566, 100566
  162, 100162
  2564, 102564
  896, 100896
  2485, 102485
  1472, 101472
  1854, 101854
  2679, 102679
  2108, 102108
  2538, 102538
  413, 100413
  684, 100684
  1540, 101540
  597, 100597
  1846, 101846
  2355, 102355
  2505, 102505
  785, 100785
  650, 100650
  3525, 103525
  967, 100967
  1113, 101113
  1551, 101551
  3399, 103399
  2090, 102090
  1528, 101528
  240, 100240
  3584, 103584
  2951, 102951
  3231, 103231
  472, 100472
  3725, 103725
  1723, 101723
  3038, 103038
  851, 100851
  617, 100617
  1169, 101169
  205, 100205
  2130, 102130
  2984, 102984
  1872, 101872
  1267, 101267
  1456, 101456
  3876, 103876
  3772, 103772
  2614, 102614
  3066, 103066
  1201, 101201
  1372, 101372
  1230, 101230
  2107, 102107
  2246, 102246
  3994, 103994
  3168, 103168
  2187, 102187
  397, 100397
  3342, 103342
  548, 100548
  1172, 101172
  2920, 102920
  3611, 103611
  990, 100990
  103, 100103
  1900, 101900
  3404, 103404
  3895, 103895
  2930, 102930
  3576, 103576
  3517, 103517
  1663, 101663
  3886, 103886
  3811, 103811
  1350, 101350
  96, 100096
  3546, 103546
  77, 100077
  960, 100960
  409, 100409
  470, 100470
  3289, 103289
  1819, 101819
  582, 100582
  2301, 102301
  1593, 101593
  2566, 102566
  3384, 103384
  1208, 101208
  3, 100003
  1610, 101610
  616, 100616
  2600, 102600
  3553, 103553
  152, 100152
  3445, 103445
  2212, 102212
}
